protein	pair	frequency
1crn	28,41	266
1crn	1,28	147
1crn	1,29	139
1crn	30,8	130
1crn	29,8	123
1crn	10,30	120
1crn	25,38	116
1crn	27,41	111
1crn	2,29	110
1crn	38,9	103
1crn	30,9	102
1crn	28,45	102
1crn	29,7	101
1crn	15,38	95
1crn	30,7	94
1crn	14,38	90
1crn	2,28	90
1crn	1,30	88
1crn	14,41	88
1crn	24,38	87
1crn	38,8	86
1crn	28,44	86
1crn	10,38	83
1crn	29,45	83
1crn	1,27	81
1crn	2,30	80
1crn	17,30	80
1crn	29,44	79
1crn	28,46	79
1crn	29,9	78
1crn	28,7	78
1crn	29,3	76
1crn	15,41	75
1crn	26,41	74
1crn	27,40	72
1crn	10,29	71
1crn	28,42	69
1crn	34,8	66
1crn	17,38	65
1crn	16,38	65
1crn	28,48	63
1crn	28,8	63
1crn	41,9	62
1crn	28,9	61
1crn	1,31	60
1crn	28,4	59
1crn	1,41	58
1crn	28,3	58
1crn	21,34	58
1crn	2,27	58
1crn	1,26	57
1crn	27,45	56
1crn	27,8	56
1crn	27,7	56
1crn	3,30	55
1crn	10,28	55
1crn	29,48	55
1crn	27,48	55
1crn	36,8	54
1crn	13,38	54
1crn	31,8	54
1crn	27,42	54
1crn	30,4	54
1crn	38,7	53
1crn	10,41	53
1crn	16,36	53
1crn	27,44	53
1crn	39,8	53
1crn	15,34	52
1crn	11,30	52
1crn	2,26	51
1crn	29,4	51
1crn	27,43	50
1crn	16,30	50
1crn	18,38	50
1crn	26,8	50
1crn	29,43	49
1crn	34,9	49
1crn	26,3	49
1crn	31,9	49
1crn	26,39	49
1crn	30,44	48
1crn	29,42	48
1crn	25,39	48
1crn	26,5	48
1crn	30,5	48
1crn	15,30	48
1crn	15,36	48
1crn	10,37	48
1crn	35,8	47
1crn	29,5	47
1crn	28,5	47
1crn	28,47	46
1crn	25,41	46
1crn	27,47	46
1crn	28,43	46
1crn	15,39	46
1crn	27,3	46
1crn	13,41	45
1crn	29,46	45
1crn	41,8	44
1crn	30,45	44
1crn	27,46	44
1crn	16,34	44
1crn	36,9	43
1crn	22,38	43
1crn	16,41	43
1crn	27,5	42
1crn	28,6	42
1crn	10,31	42
1crn	31,7	42
1crn	17,41	41
1crn	26,4	41
1crn	25,3	41
1crn	14,36	41
1crn	14,34	41
1crn	33,46	40
1crn	24,39	39
1crn	20,34	39
1crn	26,40	39
1crn	11,29	39
1crn	11,38	39
1crn	18,41	39
1crn	24,41	39
1crn	39,9	39
1crn	14,39	38
1crn	21,36	37
1crn	27,9	37
1crn	1,34	37
1crn	25,4	37
1crn	17,31	36
1crn	14,37	36
1crn	14,30	36
1crn	27,6	36
1crn	29,47	35
1crn	12,41	35
1crn	13,36	35
1crn	37,9	35
1crn	17,34	35
1crn	26,6	35
1crn	12,38	34
1crn	10,40	34
1crn	1,38	34
1crn	15,37	33
1crn	2,25	33
1crn	27,4	33
1crn	10,39	33
1crn	26,7	33
1crn	32,8	33
1crn	21,38	32
1crn	22,37	32
1crn	11,31	32
1crn	15,35	32
1crn	12,29	32
1crn	35,9	32
1crn	23,38	32
1crn	33,8	31
1crn	12,30	31
1crn	13,34	31
1crn	1,25	31
1crn	15,31	31
1crn	1,37	31
1crn	40,8	31
1crn	19,38	30
1crn	21,35	30
1crn	10,36	29
1crn	1,40	29
1crn	37,8	29
1crn	22,35	29
1crn	24,37	29
1crn	11,41	29
1crn	10,34	29
1crn	16,31	28
1crn	14,40	28
1crn	24,40	28
1crn	25,5	28
1crn	10,35	28
1crn	32,9	27
1crn	18,34	27
1crn	17,37	27
1crn	10,23	27
1crn	13,37	26
1crn	13,35	26
1crn	16,39	26
1crn	29,6	26
1crn	17,36	26
1crn	36,7	25
1crn	26,45	25
1crn	22,36	24
1crn	16,37	24
1crn	30,48	24
1crn	12,34	24
1crn	1,39	24
1crn	17,39	24
1crn	33,9	23
1crn	14,35	23
1crn	20,38	23
1crn	30,46	23
1crn	26,44	23
1crn	34,7	23
1crn	10,25	23
1crn	17,35	23
1crn	10,27	23
1crn	15,29	23
1crn	35,7	22
1crn	40,9	22
1crn	30,6	22
1crn	26,9	22
1crn	25,40	22
1crn	16,35	22
1crn	15,40	22
1crn	30,43	22
1crn	1,33	22
1crn	3,39	22
1crn	10,32	22
1crn	2,40	22
1crn	14,31	22
1crn	1,32	21
1crn	23,3	21
1crn	11,28	21
1crn	15,2	21
1crn	23,9	21
1crn	12,28	20
1crn	41,7	20
1crn	12,36	20
1crn	16,29	20
1crn	2,39	20
1crn	18,31	20
1crn	2,38	20
1crn	14,45	20
1crn	15,32	20
1crn	2,31	20
1crn	25,45	19
1crn	20,36	19
1crn	25,9	19
1crn	20,35	19
1crn	10,33	19
1crn	33,48	19
1crn	18,37	19
1crn	18,36	19
1crn	3,38	19
1crn	1,17	19
1crn	39,7	18
1crn	10,26	18
1crn	26,46	18
1crn	21,37	18
1crn	32,7	18
1crn	3,40	18
1crn	14,44	17
1crn	12,31	17
1crn	12,35	17
1crn	14,28	17
1crn	23,36	17
1crn	26,48	16
1crn	2,23	16
1crn	1,36	16
1crn	18,39	16
1crn	13,45	16
1crn	18,3	16
1crn	13,44	16
1crn	13,43	16
1crn	15,28	15
1crn	23,41	15
1crn	37,7	15
1crn	17,3	15
1crn	25,43	15
1crn	13,30	15
1crn	13,39	15
1crn	23,4	15
1crn	23,37	15
1crn	25,8	15
1crn	16,32	15
1crn	20,37	14
1crn	24,45	14
1crn	15,33	14
1crn	16,33	14
1crn	19,3	14
1crn	16,2	14
1crn	1,24	14
1crn	3,31	13
1crn	14,29	13
1crn	11,32	13
1crn	25,7	13
1crn	1,23	13
1crn	19,34	13
1crn	24,3	13
1crn	23,5	13
1crn	30,47	13
1crn	40,5	12
1crn	19,35	12
1crn	24,44	12
1crn	11,37	12
1crn	34,48	12
1crn	33,7	12
1crn	13,31	12
1crn	25,6	12
1crn	26,43	12
1crn	13,32	12
1crn	4,40	11
1crn	31,5	11
1crn	26,42	11
1crn	1,14	11
1crn	14,32	11
1crn	11,34	11
1crn	1,35	11
1crn	19,36	11
1crn	16,3	11
1crn	15,45	11
1crn	17,2	11
1crn	13,33	11
1crn	13,42	11
1crn	12,39	11
1crn	19,37	10
1crn	1,15	10
1crn	1,45	10
1crn	2,34	10
1crn	2,24	10
1crn	2,22	10
1crn	39,5	10
1crn	11,35	10
1crn	13,48	10
1crn	18,35	10
1crn	17,32	10
1crn	21,39	10
1crn	16,40	10
1crn	13,40	10
1crn	15,42	10
1crn	20,41	10
1crn	18,40	10
1crn	1,19	10
1crn	21,41	10
1crn	40,6	9
1crn	11,36	9
1crn	39,6	9
1crn	25,46	9
1crn	13,26	9
1crn	35,48	9
1crn	1,18	9
1crn	31,4	9
1crn	23,39	9
1crn	19,5	9
1crn	19,41	9
1crn	14,33	9
1crn	12,45	8
1crn	17,40	8
1crn	2,32	8
1crn	39,4	8
1crn	31,44	8
1crn	18,4	8
1crn	22,3	8
1crn	17,45	8
1crn	38,4	8
1crn	17,33	8
1crn	17,4	8
1crn	33,47	8
1crn	20,33	8
1crn	24,48	8
1crn	16,45	8
1crn	20,39	8
1crn	25,44	8
1crn	1,22	8
1crn	14,27	8
1crn	12,33	8
1crn	13,47	8
1crn	19,2	7
1crn	22,41	7
1crn	1,16	7
1crn	18,5	7
1crn	23,6	7
1crn	19,39	7
1crn	13,28	7
1crn	31,45	7
1crn	3,34	7
1crn	25,42	7
1crn	2,21	7
1crn	24,42	7
1crn	32,5	7
1crn	12,37	7
1crn	12,27	7
1crn	21,5	7
1crn	40,7	7
1crn	18,45	6
1crn	14,46	6
1crn	4,41	6
1crn	22,9	6
1crn	2,37	6
1crn	11,39	6
1crn	32,45	6
1crn	19,4	6
1crn	38,5	6
1crn	22,4	6
1crn	12,40	6
1crn	24,43	6
1crn	12,32	5
1crn	22,39	5
1crn	11,25	5
1crn	11,26	5
1crn	20,40	5
1crn	14,43	5
1crn	14,42	5
1crn	24,6	5
1crn	24,9	5
1crn	12,26	5
1crn	23,8	5
1crn	34,47	5
1crn	31,6	5
1crn	18,2	5
1crn	2,41	5
1crn	2,33	5
1crn	24,4	5
1crn	19,32	5
1crn	31,46	5
1crn	13,46	4
1crn	33,4	4
1crn	23,40	4
1crn	12,43	4
1crn	12,44	4
1crn	3,33	4
1crn	24,47	4
1crn	1,48	4
1crn	15,46	4
1crn	19,40	4
1crn	18,33	4
1crn	26,47	4
1crn	37,6	4
1crn	1,44	4
1crn	10,42	4
1crn	14,48	4
1crn	21,4	4
1crn	24,5	4
1crn	25,48	3
1crn	32,48	3
1crn	32,46	3
1crn	36,4	3
1crn	32,4	3
1crn	2,45	3
1crn	25,47	3
1crn	21,3	3
1crn	31,48	3
1crn	21,7	3
1crn	19,33	3
1crn	41,6	3
1crn	36,6	3
1crn	16,42	3
1crn	3,42	3
1crn	11,33	3
1crn	18,32	3
1crn	45,7	3
1crn	43,9	3
1crn	3,37	3
1crn	11,27	3
1crn	37,5	3
1crn	34,5	3
1crn	37,4	3
1crn	1,21	2
1crn	41,5	2
1crn	42,5	2
1crn	38,6	2
1crn	34,4	2
1crn	42,9	2
1crn	45,8	2
1crn	1,42	2
1crn	33,5	2
1crn	11,40	2
1crn	10,45	2
1crn	22,8	2
1crn	15,43	2
1crn	21,8	2
1crn	24,46	2
1crn	18,42	2
1crn	16,43	2
1crn	15,48	2
1crn	15,44	2
1crn	20,3	2
1crn	14,47	2
1crn	3,32	2
1crn	3,36	2
1crn	3,41	2
1crn	20,5	2
1crn	3,47	2
1crn	13,29	2
1crn	19,6	2
1crn	22,44	2
1crn	2,20	2
1crn	12,42	2
1crn	2,36	2
1crn	22,6	2
1crn	2,42	2
1crn	20,7	1
1crn	4,47	1
1crn	20,4	1
1crn	4,43	1
1crn	4,48	1
1crn	33,6	1
1crn	24,7	1
1crn	1,20	1
1crn	21,40	1
1crn	21,42	1
1crn	23,7	1
1crn	22,40	1
1crn	42,6	1
1crn	22,5	1
1crn	44,5	1
1crn	44,8	1
1crn	22,7	1
1crn	4,42	1
1crn	10,24	1
1crn	2,46	1
1crn	2,43	1
1crn	11,45	1
1crn	11,44	1
1crn	32,47	1
1crn	11,42	1
1crn	12,46	1
1crn	12,48	1
1crn	13,27	1
1crn	35,4	1
1crn	35,5	1
1crn	3,46	1
1crn	3,35	1
1crn	16,46	1
1crn	11,24	1
1crn	10,48	1
1crn	16,48	1
1crn	17,43	1
1crn	17,44	1
1crn	18,43	1
1crn	12,25	1
1crn	18,44	1
1crn	2,35	1
1crn	48,9	1
