protein	pair	frequency
1crn	10,25	260
1crn	16,32	225
1crn	10,26	213
1crn	11,25	199
1crn	11,26	198
1crn	12,25	187
1crn	16,36	183
1crn	15,32	179
1crn	23,6	166
1crn	16,31	164
1crn	16,30	163
1crn	16,33	162
1crn	25,9	162
1crn	16,29	161
1crn	16,37	157
1crn	10,24	156
1crn	15,36	153
1crn	24,6	150
1crn	25,6	149
1crn	19,32	148
1crn	16,41	147
1crn	26,9	147
1crn	25,8	146
1crn	16,39	143
1crn	26,8	141
1crn	15,31	140
1crn	1,15	137
1crn	18,32	137
1crn	16,40	136
1crn	15,33	133
1crn	16,42	131
1crn	15,29	129
1crn	15,42	129
1crn	12,26	128
1crn	16,35	128
1crn	15,40	127
1crn	23,8	127
1crn	25,7	127
1crn	11,24	126
1crn	26,6	126
1crn	16,38	126
1crn	15,34	125
1crn	15,41	124
1crn	26,7	124
1crn	15,35	121
1crn	20,33	120
1crn	15,37	120
1crn	16,34	120
1crn	23,9	117
1crn	15,30	112
1crn	15,38	110
1crn	21,35	109
1crn	28,41	106
1crn	24,9	105
1crn	25,43	104
1crn	24,43	104
1crn	1,14	101
1crn	21,34	98
1crn	23,7	97
1crn	15,28	95
1crn	15,2	95
1crn	19,33	95
1crn	24,8	93
1crn	22,6	92
1crn	15,39	92
1crn	17,32	92
1crn	18,33	90
1crn	28,42	80
1crn	20,6	79
1crn	20,35	79
1crn	18,31	78
1crn	24,7	78
1crn	1,16	77
1crn	27,6	75
1crn	27,41	74
1crn	21,6	74
1crn	20,34	73
1crn	19,6	73
1crn	19,34	71
1crn	18,34	71
1crn	20,36	70
1crn	14,27	69
1crn	17,31	68
1crn	20,37	67
1crn	19,35	67
1crn	18,36	66
1crn	25,3	65
1crn	13,34	65
1crn	21,41	64
1crn	2,25	64
1crn	13,35	64
1crn	20,41	64
1crn	14,28	63
1crn	18,35	62
1crn	19,36	61
1crn	18,41	60
1crn	20,42	59
1crn	29,42	59
1crn	19,41	58
1crn	21,36	58
1crn	21,37	57
1crn	1,25	57
1crn	21,42	56
1crn	14,34	56
1crn	10,27	55
1crn	20,40	55
1crn	26,3	54
1crn	27,42	54
1crn	27,40	54
1crn	14,35	54
1crn	19,38	53
1crn	17,33	53
1crn	13,36	53
1crn	20,39	53
1crn	14,33	52
1crn	11,27	50
1crn	17,30	50
1crn	14,43	49
1crn	22,9	49
1crn	13,26	49
1crn	22,8	49
1crn	19,39	49
1crn	21,8	48
1crn	14,30	47
1crn	19,42	47
1crn	12,32	47
1crn	16,44	47
1crn	21,40	46
1crn	21,39	46
1crn	12,27	46
1crn	19,40	45
1crn	13,43	45
1crn	20,38	44
1crn	14,36	44
1crn	2,26	44
1crn	1,26	44
1crn	19,37	43
1crn	21,7	43
1crn	18,37	42
1crn	14,31	42
1crn	13,28	41
1crn	18,42	41
1crn	31,44	41
1crn	37,5	40
1crn	27,7	40
1crn	14,38	40
1crn	16,2	40
1crn	36,4	39
1crn	37,4	39
1crn	14,37	38
1crn	13,30	38
1crn	27,9	38
1crn	13,31	38
1crn	1,38	37
1crn	17,34	37
1crn	26,5	37
1crn	14,29	37
1crn	36,5	37
1crn	18,40	36
1crn	22,7	36
1crn	16,3	36
1crn	17,35	35
1crn	13,38	34
1crn	18,38	34
1crn	18,39	34
1crn	27,8	34
1crn	21,38	34
1crn	13,33	33
1crn	35,5	33
1crn	14,39	33
1crn	14,40	32
1crn	1,37	32
1crn	1,29	32
1crn	28,44	32
1crn	20,7	32
1crn	38,4	32
1crn	35,4	31
1crn	29,9	31
1crn	25,4	31
1crn	38,5	31
1crn	17,36	31
1crn	38,9	29
1crn	1,36	29
1crn	14,41	28
1crn	17,41	28
1crn	1,28	28
1crn	13,27	28
1crn	22,36	28
1crn	26,41	27
1crn	25,5	27
1crn	29,44	27
1crn	1,35	27
1crn	31,45	26
1crn	16,48	26
1crn	13,41	26
1crn	13,42	26
1crn	38,8	26
1crn	27,44	26
1crn	30,44	25
1crn	14,32	25
1crn	13,29	25
1crn	13,32	25
1crn	1,41	25
1crn	2,42	25
1crn	28,9	25
1crn	16,45	25
1crn	3,37	24
1crn	10,23	24
1crn	2,24	24
1crn	13,39	24
1crn	26,4	24
1crn	1,30	23
1crn	23,43	22
1crn	14,42	22
1crn	17,37	22
1crn	35,6	21
1crn	37,6	21
1crn	32,5	21
1crn	17,40	21
1crn	33,7	21
1crn	32,8	20
1crn	16,43	20
1crn	32,9	20
1crn	37,8	20
1crn	16,47	20
1crn	22,41	20
1crn	36,9	20
1crn	12,31	20
1crn	31,9	19
1crn	37,9	19
1crn	22,35	19
1crn	16,46	19
1crn	13,37	19
1crn	2,37	19
1crn	24,3	19
1crn	1,17	19
1crn	35,48	19
1crn	12,33	18
1crn	2,38	18
1crn	22,37	18
1crn	17,39	18
1crn	23,36	18
1crn	22,38	17
1crn	23,3	17
1crn	34,8	17
1crn	28,5	17
1crn	32,45	17
1crn	33,9	17
1crn	38,6	17
1crn	36,8	17
1crn	30,45	16
1crn	4,42	16
1crn	29,6	16
1crn	1,27	16
1crn	31,48	16
1crn	2,29	16
1crn	13,40	15
1crn	2,39	15
1crn	36,7	15
1crn	30,8	15
1crn	24,5	15
1crn	35,8	15
1crn	3,36	15
1crn	24,4	15
1crn	34,6	15
1crn	17,42	15
1crn	29,4	15
1crn	33,6	15
1crn	29,45	15
1crn	30,6	15
1crn	31,7	15
1crn	32,46	15
1crn	42,8	14
1crn	17,2	14
1crn	20,44	14
1crn	37,7	14
1crn	21,44	14
1crn	28,4	14
1crn	22,39	14
1crn	1,32	14
1crn	23,4	14
1crn	36,6	14
1crn	26,43	14
1crn	26,40	13
1crn	1,42	13
1crn	1,31	13
1crn	30,7	13
1crn	33,8	13
1crn	15,44	13
1crn	32,4	13
1crn	30,9	13
1crn	32,6	13
1crn	30,4	13
1crn	3,35	13
1crn	33,5	13
1crn	31,8	13
1crn	28,6	13
1crn	17,38	13
1crn	34,9	13
1crn	40,8	13
1crn	2,27	12
1crn	28,7	12
1crn	15,43	12
1crn	19,44	12
1crn	29,5	12
1crn	29,8	12
1crn	35,7	12
1crn	32,48	12
1crn	22,40	11
1crn	39,4	11
1crn	32,7	11
1crn	4,41	11
1crn	40,5	11
1crn	26,42	11
1crn	31,4	11
1crn	28,45	11
1crn	28,8	11
1crn	27,4	11
1crn	26,39	11
1crn	2,36	11
1crn	28,48	11
1crn	1,40	11
1crn	29,46	11
1crn	34,48	10
1crn	29,47	10
1crn	1,23	10
1crn	28,43	10
1crn	33,4	10
1crn	27,46	10
1crn	23,5	10
1crn	39,8	10
1crn	30,47	10
1crn	30,5	10
1crn	27,3	10
1crn	41,5	10
1crn	31,46	10
1crn	12,40	10
1crn	12,29	10
1crn	14,44	10
1crn	20,45	10
1crn	12,36	10
1crn	2,28	10
1crn	27,45	9
1crn	24,44	9
1crn	13,44	9
1crn	2,23	9
1crn	25,44	9
1crn	12,34	9
1crn	12,30	9
1crn	19,45	9
1crn	2,35	9
1crn	31,47	9
1crn	20,46	9
1crn	1,21	9
1crn	29,43	9
1crn	38,7	9
1crn	31,5	9
1crn	10,33	9
1crn	10,45	9
1crn	3,38	9
1crn	33,46	9
1crn	24,41	8
1crn	41,9	8
1crn	1,24	8
1crn	17,3	8
1crn	30,46	8
1crn	1,39	8
1crn	32,47	8
1crn	39,9	8
1crn	21,45	8
1crn	33,47	8
1crn	28,46	8
1crn	28,47	8
1crn	11,44	8
1crn	1,33	8
1crn	34,7	8
1crn	22,42	8
1crn	15,45	8
1crn	15,48	7
1crn	35,9	7
1crn	2,32	7
1crn	3,30	7
1crn	12,35	7
1crn	34,47	7
1crn	10,30	7
1crn	29,3	7
1crn	31,6	7
1crn	10,40	7
1crn	12,44	7
1crn	23,37	7
1crn	21,43	7
1crn	12,39	7
1crn	42,5	7
1crn	12,46	7
1crn	20,43	6
1crn	2,30	6
1crn	12,38	6
1crn	3,32	6
1crn	3,33	6
1crn	2,40	6
1crn	33,48	6
1crn	29,7	6
1crn	27,47	6
1crn	30,48	6
1crn	25,41	6
1crn	17,4	6
1crn	18,44	6
1crn	12,41	6
1crn	41,8	5
1crn	12,42	5
1crn	15,46	5
1crn	26,46	5
1crn	24,37	5
1crn	1,34	5
1crn	3,41	5
1crn	3,42	5
1crn	10,44	5
1crn	18,45	5
1crn	10,37	5
1crn	45,9	5
1crn	44,8	5
1crn	19,47	5
1crn	18,47	5
1crn	12,45	5
1crn	4,40	5
1crn	21,46	5
1crn	27,43	5
1crn	27,5	5
1crn	26,44	5
1crn	1,22	5
1crn	2,21	5
1crn	14,46	4
1crn	20,47	4
1crn	1,20	4
1crn	44,7	4
1crn	30,43	4
1crn	20,48	4
1crn	39,5	4
1crn	27,48	4
1crn	12,37	4
1crn	44,9	4
1crn	11,32	4
1crn	14,47	4
1crn	11,41	4
1crn	19,2	4
1crn	10,31	4
1crn	1,19	4
1crn	39,7	4
1crn	12,48	4
1crn	40,9	4
1crn	25,38	4
1crn	41,6	4
1crn	10,34	4
1crn	22,3	4
1crn	19,46	4
1crn	46,8	3
1crn	43,6	3
1crn	40,6	3
1crn	45,8	3
1crn	15,47	3
1crn	12,28	3
1crn	34,4	3
1crn	42,9	3
1crn	34,5	3
1crn	23,38	3
1crn	18,48	3
1crn	19,4	3
1crn	22,4	3
1crn	3,39	3
1crn	25,42	3
1crn	3,31	3
1crn	21,3	3
1crn	10,36	3
1crn	26,47	3
1crn	3,40	3
1crn	24,39	3
1crn	10,28	3
1crn	2,22	3
1crn	2,41	3
1crn	10,41	3
1crn	40,7	2
1crn	13,48	2
1crn	20,4	2
1crn	20,5	2
1crn	14,45	2
1crn	14,48	2
1crn	21,48	2
1crn	25,39	2
1crn	17,47	2
1crn	21,5	2
1crn	22,46	2
1crn	48,7	2
1crn	47,7	2
1crn	46,9	2
1crn	23,41	2
1crn	22,5	2
1crn	43,8	2
1crn	24,38	2
1crn	2,33	2
1crn	42,7	2
1crn	42,6	2
1crn	22,45	2
1crn	24,40	2
1crn	24,42	2
1crn	22,44	2
1crn	28,3	2
1crn	10,29	2
1crn	11,33	2
1crn	29,48	2
1crn	17,43	2
1crn	10,38	2
1crn	10,42	2
1crn	18,46	2
1crn	23,40	2
1crn	10,47	2
1crn	11,28	2
1crn	2,31	2
1crn	19,3	2
1crn	10,35	2
1crn	48,9	2
1crn	13,47	1
1crn	11,46	1
1crn	20,3	1
1crn	10,46	1
1crn	11,45	1
1crn	2,47	1
1crn	18,43	1
1crn	10,43	1
1crn	44,5	1
1crn	22,47	1
1crn	22,48	1
1crn	45,5	1
1crn	13,46	1
1crn	45,7	1
1crn	23,44	1
1crn	23,42	1
1crn	46,5	1
1crn	18,4	1
1crn	2,34	1
1crn	10,39	1
1crn	47,8	1
1crn	11,47	1
1crn	17,44	1
1crn	11,29	1
1crn	11,30	1
1crn	41,7	1
1crn	13,45	1
1crn	1,46	1
1crn	19,48	1
1crn	26,45	1
1crn	10,32	1
1crn	1,45	1
1crn	2,20	1
1crn	1,44	1
1crn	1,43	1
1crn	25,45	1
1crn	12,47	1
1crn	11,36	1
1crn	11,35	1
1crn	11,34	1
1crn	11,43	1
1crn	3,34	1
1crn	18,5	1
1crn	12,43	1
1crn	11,31	1
1crn	1,18	1
