protein	pair	frequency
1csp	16,46	166
1csp	16,47	163
1csp	16,31	162
1csp	16,34	158
1csp	17,47	150
1csp	17,30	149
1csp	17,33	148
1csp	16,33	148
1csp	20,46	145
1csp	16,48	144
1csp	17,46	139
1csp	16,32	137
1csp	16,49	136
1csp	17,48	135
1csp	17,31	129
1csp	17,34	125
1csp	17,49	124
1csp	16,39	123
1csp	16,29	122
1csp	16,30	122
1csp	17,36	121
1csp	16,36	121
1csp	16,37	121
1csp	16,38	119
1csp	17,51	112
1csp	16,45	111
1csp	30,48	111
1csp	20,34	110
1csp	16,51	107
1csp	17,32	107
1csp	30,49	106
1csp	16,50	106
1csp	17,45	105
1csp	17,40	102
1csp	17,35	100
1csp	16,56	99
1csp	17,3	98
1csp	18,49	98
1csp	16,35	98
1csp	17,38	98
1csp	30,47	98
1csp	16,53	97
1csp	17,56	97
1csp	20,33	96
1csp	27,47	95
1csp	29,6	95
1csp	17,53	94
1csp	16,64	92
1csp	28,49	91
1csp	17,37	91
1csp	16,40	90
1csp	18,46	90
1csp	17,39	90
1csp	16,44	90
1csp	17,41	89
1csp	17,64	89
1csp	17,50	89
1csp	16,43	88
1csp	30,46	88
1csp	28,47	88
1csp	15,46	88
1csp	15,47	87
1csp	16,3	87
1csp	16,52	87
1csp	20,47	87
1csp	18,34	87
1csp	16,63	87
1csp	15,49	87
1csp	31,49	86
1csp	17,63	86
1csp	18,33	85
1csp	17,52	84
1csp	28,48	83
1csp	18,47	83
1csp	49,8	82
1csp	29,7	82
1csp	49,62	82
1csp	35,49	82
1csp	18,48	82
1csp	32,49	82
1csp	27,48	80
1csp	33,49	80
1csp	17,55	80
1csp	20,49	79
1csp	16,54	79
1csp	30,6	79
1csp	27,46	79
1csp	17,43	79
1csp	29,48	78
1csp	28,46	78
1csp	30,7	77
1csp	18,39	77
1csp	17,42	76
1csp	17,44	76
1csp	17,62	76
1csp	29,47	76
1csp	17,69	76
1csp	17,57	75
1csp	20,48	75
1csp	31,48	75
1csp	27,49	74
1csp	16,62	74
1csp	15,48	73
1csp	17,58	73
1csp	33,46	73
1csp	17,68	72
1csp	16,57	72
1csp	16,69	72
1csp	17,61	72
1csp	28,6	71
1csp	20,45	71
1csp	17,67	71
1csp	46,62	71
1csp	16,55	70
1csp	22,49	70
1csp	17,59	70
1csp	18,31	70
1csp	28,7	70
1csp	29,49	69
1csp	17,2	69
1csp	18,51	69
1csp	29,46	68
1csp	16,42	68
1csp	18,35	68
1csp	48,8	68
1csp	20,36	68
1csp	30,50	68
1csp	26,49	67
1csp	47,62	67
1csp	17,60	67
1csp	27,6	67
1csp	17,65	66
1csp	18,36	66
1csp	15,29	66
1csp	48,62	66
1csp	16,58	66
1csp	30,8	65
1csp	26,7	65
1csp	16,41	65
1csp	17,54	65
1csp	26,47	64
1csp	30,62	63
1csp	31,47	63
1csp	18,3	63
1csp	18,63	62
1csp	45,62	62
1csp	17,66	62
1csp	14,46	62
1csp	18,50	62
1csp	18,55	61
1csp	18,56	61
1csp	16,67	61
1csp	18,45	61
1csp	23,48	61
1csp	48,7	61
1csp	31,46	61
1csp	26,6	60
1csp	23,47	60
1csp	18,38	60
1csp	14,49	60
1csp	18,32	60
1csp	15,33	60
1csp	23,49	59
1csp	16,65	59
1csp	31,50	59
1csp	18,37	58
1csp	20,35	58
1csp	47,8	58
1csp	14,48	58
1csp	30,51	58
1csp	31,62	58
1csp	15,30	58
1csp	36,49	57
1csp	33,48	57
1csp	25,46	57
1csp	18,62	57
1csp	15,36	57
1csp	30,53	57
1csp	17,4	57
1csp	31,6	56
1csp	15,34	56
1csp	26,46	56
1csp	16,66	56
1csp	26,48	56
1csp	35,48	55
1csp	14,47	55
1csp	18,61	55
1csp	18,41	55
1csp	16,59	55
1csp	18,52	55
1csp	30,52	54
1csp	49,7	54
1csp	33,6	53
1csp	16,60	53
1csp	27,7	52
1csp	28,9	52
1csp	16,61	52
1csp	18,57	52
1csp	18,59	52
1csp	1,18	52
1csp	20,38	52
1csp	49,9	52
1csp	1,16	51
1csp	33,47	51
1csp	31,51	51
1csp	18,42	51
1csp	25,6	51
1csp	18,2	51
1csp	10,36	50
1csp	10,49	50
1csp	34,49	50
1csp	34,6	50
1csp	25,49	50
1csp	18,60	49
1csp	16,2	49
1csp	48,61	49
1csp	13,49	49
1csp	30,61	49
1csp	10,28	49
1csp	18,44	48
1csp	30,45	48
1csp	28,8	48
1csp	31,8	47
1csp	20,53	47
1csp	27,45	47
1csp	22,46	47
1csp	18,43	47
1csp	15,51	46
1csp	18,64	46
1csp	19,46	46
1csp	25,48	46
1csp	18,40	46
1csp	31,7	46
1csp	11,49	46
1csp	20,39	46
1csp	14,34	46
1csp	19,49	45
1csp	15,45	45
1csp	18,5	45
1csp	28,45	45
1csp	15,31	45
1csp	36,6	45
1csp	25,7	45
1csp	24,49	45
1csp	33,7	45
1csp	33,5	45
1csp	23,46	45
1csp	47,7	44
1csp	10,30	44
1csp	20,51	44
1csp	35,9	44
1csp	22,47	44
1csp	29,50	44
1csp	27,63	43
1csp	20,64	43
1csp	26,8	43
1csp	28,53	43
1csp	30,54	43
1csp	15,35	43
1csp	15,28	43
1csp	29,62	42
1csp	32,46	42
1csp	18,65	42
1csp	33,62	42
1csp	16,68	42
1csp	12,49	42
1csp	29,53	41
1csp	32,7	41
1csp	27,50	41
1csp	34,48	41
1csp	27,51	41
1csp	32,6	41
1csp	31,61	41
1csp	30,60	41
1csp	11,48	41
1csp	48,9	40
1csp	34,8	40
1csp	28,5	40
1csp	26,9	40
1csp	29,8	40
1csp	10,27	40
1csp	31,53	40
1csp	30,56	40
1csp	46,7	40
1csp	28,50	39
1csp	35,8	39
1csp	32,48	39
1csp	18,53	39
1csp	10,47	38
1csp	27,8	38
1csp	26,45	38
1csp	15,32	38
1csp	10,33	38
1csp	18,69	38
1csp	10,46	38
1csp	33,50	38
1csp	15,64	37
1csp	1,17	37
1csp	18,4	37
1csp	28,52	37
1csp	22,48	37
1csp	11,28	37
1csp	11,30	37
1csp	30,63	36
1csp	27,62	36
1csp	18,54	36
1csp	10,48	36
1csp	32,47	36
1csp	47,9	36
1csp	20,37	36
1csp	33,61	36
1csp	30,9	36
1csp	15,50	36
1csp	18,68	35
1csp	29,45	35
1csp	15,38	35
1csp	47,61	35
1csp	18,66	35
1csp	14,51	35
1csp	18,58	35
1csp	29,5	35
1csp	30,59	35
1csp	30,5	35
1csp	29,51	34
1csp	29,9	34
1csp	15,62	34
1csp	11,27	34
1csp	14,33	34
1csp	29,56	34
1csp	10,29	34
1csp	15,53	33
1csp	18,67	33
1csp	33,59	33
1csp	31,5	33
1csp	20,63	33
1csp	46,61	33
1csp	19,33	33
1csp	14,29	33
1csp	46,60	33
1csp	19,48	33
1csp	10,31	33
1csp	25,47	33
1csp	15,37	33
1csp	20,50	33
1csp	33,60	33
1csp	14,62	33
1csp	11,31	32
1csp	26,51	32
1csp	28,51	32
1csp	15,63	32
1csp	28,56	32
1csp	46,8	32
1csp	26,62	32
1csp	30,69	32
1csp	27,52	32
1csp	31,45	31
1csp	14,36	31
1csp	27,4	31
1csp	19,47	31
1csp	27,53	31
1csp	28,63	31
1csp	10,26	31
1csp	32,8	31
1csp	20,52	31
1csp	25,8	31
1csp	14,27	31
1csp	28,64	30
1csp	27,9	30
1csp	29,52	30
1csp	30,57	30
1csp	34,9	30
1csp	15,55	30
1csp	35,6	30
1csp	34,7	30
1csp	15,39	30
1csp	45,6	30
1csp	23,7	30
1csp	30,68	29
1csp	11,29	29
1csp	12,48	29
1csp	29,63	29
1csp	33,51	29
1csp	11,34	29
1csp	24,47	29
1csp	35,7	29
1csp	31,52	29
1csp	11,47	29
1csp	19,36	28
1csp	33,8	28
1csp	13,33	28
1csp	31,9	28
1csp	36,9	28
1csp	20,44	28
1csp	11,26	28
1csp	30,44	28
1csp	47,60	28
1csp	10,34	28
1csp	25,9	27
1csp	38,7	27
1csp	36,8	27
1csp	27,56	27
1csp	14,53	27
1csp	33,53	27
1csp	11,46	27
1csp	21,49	27
1csp	26,5	27
1csp	15,52	27
1csp	31,4	27
1csp	22,7	27
1csp	11,36	27
1csp	50,7	27
1csp	10,50	27
1csp	15,56	27
1csp	12,30	26
1csp	10,35	26
1csp	27,55	26
1csp	29,4	26
1csp	30,55	26
1csp	23,51	26
1csp	36,7	26
1csp	11,33	26
1csp	32,51	26
1csp	14,45	26
1csp	14,30	26
1csp	30,58	26
1csp	30,64	26
1csp	46,9	26
1csp	33,54	26
1csp	50,9	25
1csp	27,5	25
1csp	64,7	25
1csp	20,62	25
1csp	33,69	25
1csp	12,29	25
1csp	24,46	25
1csp	30,43	25
1csp	19,34	25
1csp	34,5	24
1csp	21,48	24
1csp	13,48	24
1csp	14,28	24
1csp	45,7	24
1csp	15,44	24
1csp	45,5	24
1csp	32,50	24
1csp	36,50	24
1csp	15,40	24
1csp	15,58	24
1csp	19,35	24
1csp	26,63	24
1csp	33,9	24
1csp	25,45	24
1csp	40,62	23
1csp	35,50	23
1csp	27,64	23
1csp	14,35	23
1csp	45,61	23
1csp	26,50	23
1csp	51,8	23
1csp	49,66	23
1csp	32,62	23
1csp	46,59	23
1csp	33,64	23
1csp	19,32	23
1csp	28,62	23
1csp	34,47	23
1csp	39,7	23
1csp	19,45	23
1csp	31,56	22
1csp	51,7	22
1csp	32,53	22
1csp	25,50	22
1csp	28,4	22
1csp	14,52	22
1csp	35,5	22
1csp	20,43	22
1csp	23,45	22
1csp	12,47	22
1csp	29,64	22
1csp	37,8	22
1csp	14,64	22
1csp	35,53	21
1csp	20,56	21
1csp	29,55	21
1csp	23,50	21
1csp	20,54	21
1csp	21,47	21
1csp	30,4	21
1csp	19,5	21
1csp	30,66	21
1csp	24,9	21
1csp	27,67	21
1csp	33,66	20
1csp	15,41	20
1csp	15,60	20
1csp	19,51	20
1csp	15,61	20
1csp	38,8	20
1csp	28,55	20
1csp	11,32	20
1csp	19,39	20
1csp	11,45	20
1csp	35,51	20
1csp	3,33	20
1csp	26,53	20
1csp	33,56	20
1csp	14,39	20
1csp	20,40	20
1csp	33,4	20
1csp	11,35	19
1csp	11,25	19
1csp	50,8	19
1csp	15,59	19
1csp	51,9	19
1csp	10,51	19
1csp	29,66	19
1csp	20,6	19
1csp	27,54	19
1csp	25,5	19
1csp	26,56	19
1csp	37,7	19
1csp	19,6	19
1csp	14,61	19
1csp	39,8	19
1csp	35,52	19
1csp	31,64	19
1csp	27,3	19
1csp	23,53	19
1csp	23,9	19
1csp	30,67	19
1csp	15,43	18
1csp	15,54	18
1csp	14,32	18
1csp	22,45	18
1csp	14,50	18
1csp	13,34	18
1csp	29,54	18
1csp	33,52	18
1csp	10,39	18
1csp	20,41	18
1csp	10,25	18
1csp	32,45	18
1csp	37,6	18
1csp	31,60	18
1csp	37,62	18
1csp	19,56	18
1csp	25,51	18
1csp	30,65	18
1csp	53,7	18
1csp	24,48	17
1csp	63,7	17
1csp	38,6	17
1csp	10,32	17
1csp	25,63	17
1csp	33,58	17
1csp	15,65	17
1csp	45,8	17
1csp	13,46	17
1csp	13,47	17
1csp	12,26	17
1csp	15,67	17
1csp	11,50	17
1csp	33,57	17
1csp	26,3	16
1csp	26,4	16
1csp	26,64	16
1csp	31,58	16
1csp	22,8	16
1csp	33,63	16
1csp	24,8	16
1csp	27,65	16
1csp	27,40	16
1csp	25,62	16
1csp	14,63	16
1csp	2,20	16
1csp	49,64	16
1csp	2,46	16
1csp	10,37	16
1csp	12,62	16
1csp	13,30	16
1csp	15,69	16
1csp	14,31	16
1csp	20,42	16
1csp	64,8	16
1csp	10,45	16
1csp	38,5	16
1csp	13,38	16
1csp	13,39	16
1csp	27,61	15
1csp	10,24	15
1csp	20,3	15
1csp	1,29	15
1csp	19,63	15
1csp	20,61	15
1csp	46,5	15
1csp	29,61	15
1csp	13,62	15
1csp	1,33	15
1csp	3,30	15
1csp	2,33	15
1csp	2,30	15
1csp	31,59	15
1csp	15,57	15
1csp	10,38	15
1csp	38,51	15
1csp	45,60	15
1csp	34,62	15
1csp	34,50	15
1csp	25,52	15
1csp	37,9	14
1csp	19,55	14
1csp	29,68	14
1csp	14,54	14
1csp	23,8	14
1csp	15,66	14
1csp	26,52	14
1csp	3,35	14
1csp	14,38	14
1csp	22,51	14
1csp	1,28	14
1csp	29,58	14
1csp	12,31	14
1csp	53,9	14
1csp	33,65	14
1csp	33,67	14
1csp	33,68	14
1csp	34,4	14
1csp	22,62	14
1csp	11,38	14
1csp	11,62	14
1csp	21,46	14
1csp	45,68	14
1csp	27,68	14
1csp	27,69	14
1csp	13,36	14
1csp	27,41	14
1csp	12,33	14
1csp	12,36	14
1csp	27,43	14
1csp	27,44	14
1csp	12,46	14
1csp	12,32	13
1csp	25,56	13
1csp	10,62	13
1csp	48,64	13
1csp	28,54	13
1csp	25,53	13
1csp	31,54	13
1csp	4,45	13
1csp	19,38	13
1csp	48,66	13
1csp	11,51	13
1csp	62,9	13
1csp	28,3	13
1csp	38,9	13
1csp	29,65	13
1csp	39,6	13
1csp	19,62	13
1csp	29,3	13
1csp	24,7	13
1csp	34,63	13
1csp	33,55	13
1csp	1,20	13
1csp	20,5	13
1csp	32,9	13
1csp	23,62	13
1csp	35,54	13
1csp	6,62	12
1csp	14,37	12
1csp	50,64	12
1csp	36,5	12
1csp	49,68	12
1csp	14,41	12
1csp	36,51	12
1csp	20,60	12
1csp	26,55	12
1csp	62,7	12
1csp	22,52	12
1csp	26,39	12
1csp	12,27	12
1csp	32,61	12
1csp	27,66	12
1csp	12,34	12
1csp	20,55	12
1csp	47,68	12
1csp	12,51	12
1csp	14,56	12
1csp	12,50	12
1csp	19,53	12
1csp	24,50	12
1csp	19,52	12
1csp	1,19	12
1csp	38,62	12
1csp	10,52	12
1csp	15,68	12
1csp	24,62	12
1csp	37,53	12
1csp	10,53	12
1csp	29,57	11
1csp	28,65	11
1csp	37,51	11
1csp	28,43	11
1csp	35,4	11
1csp	13,50	11
1csp	1,34	11
1csp	19,50	11
1csp	27,59	11
1csp	53,8	11
1csp	22,9	11
1csp	23,52	11
1csp	15,42	11
1csp	13,27	11
1csp	24,6	11
1csp	20,65	11
1csp	20,58	11
1csp	39,9	11
1csp	64,9	11
1csp	36,53	11
1csp	1,31	11
1csp	32,5	11
1csp	3,34	11
1csp	2,27	11
1csp	32,52	11
1csp	19,37	11
1csp	47,64	11
1csp	12,35	10
1csp	10,57	10
1csp	20,7	10
1csp	52,7	10
1csp	35,59	10
1csp	69,7	10
1csp	12,28	10
1csp	28,66	10
1csp	49,65	10
1csp	21,62	10
1csp	22,53	10
1csp	28,61	10
1csp	28,44	10
1csp	10,65	10
1csp	10,43	10
1csp	34,61	10
1csp	10,44	10
1csp	11,37	10
1csp	54,7	10
1csp	19,64	10
1csp	20,59	10
1csp	31,57	10
1csp	14,43	10
1csp	2,45	10
1csp	2,47	10
1csp	1,30	10
1csp	36,62	10
1csp	43,62	10
1csp	19,3	10
1csp	31,55	10
1csp	32,63	10
1csp	37,50	10
1csp	14,44	10
1csp	13,29	10
1csp	27,42	10
1csp	57,8	9
1csp	31,63	9
1csp	29,44	9
1csp	26,40	9
1csp	39,62	9
1csp	2,31	9
1csp	25,3	9
1csp	31,69	9
1csp	3,31	9
1csp	54,8	9
1csp	53,67	9
1csp	29,67	9
1csp	19,54	9
1csp	6,61	9
1csp	22,50	9
1csp	3,62	9
1csp	52,8	9
1csp	26,54	9
1csp	48,65	9
1csp	13,45	9
1csp	12,53	9
1csp	27,57	9
1csp	20,67	9
1csp	68,8	9
1csp	1,26	9
1csp	19,60	9
1csp	1,27	9
1csp	23,6	9
1csp	21,36	9
1csp	35,58	9
1csp	36,4	9
1csp	32,60	9
1csp	2,48	9
1csp	62,8	9
1csp	28,41	9
1csp	42,62	9
1csp	11,63	9
1csp	13,31	9
1csp	3,36	8
1csp	1,62	8
1csp	29,42	8
1csp	6,65	8
1csp	43,7	8
1csp	14,58	8
1csp	2,62	8
1csp	19,44	8
1csp	19,4	8
1csp	59,8	8
1csp	26,44	8
1csp	41,62	8
1csp	24,51	8
1csp	14,40	8
1csp	2,28	8
1csp	44,5	8
1csp	26,65	8
1csp	31,66	8
1csp	32,54	8
1csp	51,64	8
1csp	11,64	8
1csp	22,36	8
1csp	28,67	8
1csp	53,6	8
1csp	21,51	8
1csp	21,35	8
1csp	19,67	8
1csp	35,62	8
1csp	49,67	8
1csp	20,4	8
1csp	68,9	7
1csp	32,56	7
1csp	36,59	7
1csp	36,52	7
1csp	66,9	7
1csp	37,5	7
1csp	31,68	7
1csp	32,69	7
1csp	59,9	7
1csp	66,8	7
1csp	65,8	7
1csp	59,7	7
1csp	52,9	7
1csp	51,66	7
1csp	50,66	7
1csp	49,69	7
1csp	46,63	7
1csp	6,67	7
1csp	60,7	7
1csp	61,7	7
1csp	45,63	7
1csp	44,62	7
1csp	44,6	7
1csp	31,44	7
1csp	63,8	7
1csp	65,7	7
1csp	38,53	7
1csp	1,14	7
1csp	10,23	7
1csp	26,61	7
1csp	14,60	7
1csp	13,35	7
1csp	24,5	7
1csp	27,60	7
1csp	11,66	7
1csp	24,45	7
1csp	19,40	7
1csp	20,69	7
1csp	10,58	7
1csp	28,68	7
1csp	14,59	7
1csp	29,59	7
1csp	14,55	7
1csp	13,51	7
1csp	2,29	7
1csp	1,46	7
1csp	10,66	7
1csp	25,64	7
1csp	12,45	7
1csp	1,32	7
1csp	1,35	7
1csp	11,44	7
1csp	2,35	7
1csp	13,28	7
1csp	12,39	7
1csp	6,63	6
1csp	25,38	6
1csp	25,4	6
1csp	21,34	6
1csp	40,7	6
1csp	25,44	6
1csp	19,68	6
1csp	58,8	6
1csp	58,7	6
1csp	32,68	6
1csp	20,57	6
1csp	13,40	6
1csp	23,36	6
1csp	45,59	6
1csp	32,59	6
1csp	10,63	6
1csp	23,64	6
1csp	23,5	6
1csp	32,64	6
1csp	12,66	6
1csp	36,58	6
1csp	25,61	6
1csp	34,56	6
1csp	69,8	6
1csp	14,69	6
1csp	48,63	6
1csp	66,7	6
1csp	3,45	6
1csp	48,69	6
1csp	39,5	6
1csp	63,9	6
1csp	21,45	6
1csp	49,6	6
1csp	34,64	6
1csp	12,25	6
1csp	27,58	6
1csp	47,65	6
1csp	34,51	6
1csp	14,65	6
1csp	26,60	6
1csp	47,63	6
1csp	19,43	6
1csp	35,55	6
1csp	26,41	6
1csp	35,56	6
1csp	13,32	5
1csp	21,64	5
1csp	53,66	5
1csp	50,65	5
1csp	10,67	5
1csp	5,61	5
1csp	13,26	5
1csp	50,67	5
1csp	23,39	5
1csp	52,68	5
1csp	11,43	5
1csp	46,6	5
1csp	12,38	5
1csp	49,63	5
1csp	11,39	5
1csp	21,41	5
1csp	5,63	5
1csp	11,53	5
1csp	11,40	5
1csp	12,64	5
1csp	34,53	5
1csp	69,9	5
1csp	56,7	5
1csp	4,62	5
1csp	14,66	5
1csp	19,65	5
1csp	40,53	5
1csp	10,64	5
1csp	19,61	5
1csp	25,55	5
1csp	19,58	5
1csp	19,42	5
1csp	19,41	5
1csp	26,58	5
1csp	26,69	5
1csp	6,60	5
1csp	28,57	5
1csp	28,60	5
1csp	28,69	5
1csp	29,43	5
1csp	19,2	5
1csp	3,32	5
1csp	65,9	5
1csp	67,8	5
1csp	15,2	5
1csp	31,65	5
1csp	48,5	5
1csp	24,38	5
1csp	19,66	5
1csp	2,34	5
1csp	37,52	5
1csp	32,4	5
1csp	23,61	5
1csp	45,58	5
1csp	24,53	5
1csp	43,6	5
1csp	54,9	5
1csp	40,8	4
1csp	12,63	4
1csp	21,44	4
1csp	2,38	4
1csp	39,52	4
1csp	13,53	4
1csp	39,53	4
1csp	45,64	4
1csp	45,9	4
1csp	36,54	4
1csp	12,58	4
1csp	39,58	4
1csp	39,60	4
1csp	14,67	4
1csp	36,69	4
1csp	35,64	4
1csp	13,43	4
1csp	21,50	4
1csp	44,8	4
1csp	38,4	4
1csp	19,57	4
1csp	13,63	4
1csp	19,59	4
1csp	4,46	4
1csp	20,66	4
1csp	20,68	4
1csp	46,68	4
1csp	36,57	4
1csp	22,39	4
1csp	14,68	4
1csp	28,42	4
1csp	26,68	4
1csp	10,68	4
1csp	26,67	4
1csp	26,66	4
1csp	32,67	4
1csp	32,65	4
1csp	23,63	4
1csp	10,61	4
1csp	26,59	4
1csp	10,59	4
1csp	26,57	4
1csp	26,43	4
1csp	26,42	4
1csp	34,66	4
1csp	1,63	4
1csp	60,8	4
1csp	57,7	4
1csp	57,9	4
1csp	24,63	4
1csp	6,66	4
1csp	10,54	4
1csp	25,39	4
1csp	25,40	4
1csp	25,42	4
1csp	6,64	4
1csp	23,41	4
1csp	11,24	4
1csp	52,66	4
1csp	50,69	4
1csp	12,37	4
1csp	34,60	4
1csp	34,59	4
1csp	34,58	4
1csp	34,54	4
1csp	67,9	4
1csp	11,61	4
1csp	5,62	4
1csp	3,38	4
1csp	22,35	4
1csp	5,66	4
1csp	39,4	4
1csp	51,65	4
1csp	23,37	4
1csp	52,65	4
1csp	61,8	4
1csp	22,63	4
1csp	29,69	4
1csp	25,54	4
1csp	51,6	4
1csp	6,68	3
1csp	1,36	3
1csp	61,9	3
1csp	4,44	3
1csp	1,47	3
1csp	14,57	3
1csp	60,9	3
1csp	68,7	3
1csp	10,40	3
1csp	39,56	3
1csp	12,44	3
1csp	4,61	3
1csp	10,41	3
1csp	47,67	3
1csp	11,65	3
1csp	5,59	3
1csp	47,6	3
1csp	11,54	3
1csp	46,64	3
1csp	51,67	3
1csp	11,41	3
1csp	52,6	3
1csp	52,67	3
1csp	10,69	3
1csp	45,65	3
1csp	53,68	3
1csp	10,60	3
1csp	55,8	3
1csp	44,9	3
1csp	55,9	3
1csp	44,7	3
1csp	44,60	3
1csp	56,9	3
1csp	41,6	3
1csp	58,9	3
1csp	41,59	3
1csp	56,8	3
1csp	39,59	3
1csp	36,55	3
1csp	21,55	3
1csp	32,58	3
1csp	23,4	3
1csp	34,52	3
1csp	23,40	3
1csp	29,60	3
1csp	28,59	3
1csp	23,54	3
1csp	35,57	3
1csp	22,64	3
1csp	21,38	3
1csp	23,60	3
1csp	1,15	3
1csp	25,60	3
1csp	21,52	3
1csp	25,43	3
1csp	37,54	3
1csp	32,57	3
1csp	35,60	3
1csp	19,69	3
1csp	22,38	3
1csp	24,4	3
1csp	36,61	3
1csp	21,8	3
1csp	24,37	3
1csp	35,69	3
1csp	32,55	3
1csp	3,46	3
1csp	21,65	3
1csp	36,60	3
1csp	38,52	3
1csp	35,67	3
1csp	21,40	2
1csp	2,39	2
1csp	12,61	2
1csp	23,65	2
1csp	13,44	2
1csp	12,60	2
1csp	46,65	2
1csp	46,66	2
1csp	12,65	2
1csp	21,37	2
1csp	13,37	2
1csp	12,67	2
1csp	12,68	2
1csp	35,68	2
1csp	53,69	2
1csp	46,69	2
1csp	13,41	2
1csp	13,52	2
1csp	12,52	2
1csp	21,53	2
1csp	22,55	2
1csp	22,56	2
1csp	50,68	2
1csp	11,55	2
1csp	11,56	2
1csp	50,6	2
1csp	51,68	2
1csp	5,67	2
1csp	51,69	2
1csp	5,65	2
1csp	5,64	2
1csp	21,63	2
1csp	5,60	2
1csp	5,58	2
1csp	5,56	2
1csp	5,53	2
1csp	23,3	2
1csp	23,38	2
1csp	11,67	2
1csp	11,69	2
1csp	23,44	2
1csp	21,58	2
1csp	38,67	2
1csp	23,56	2
1csp	12,41	2
1csp	34,68	2
1csp	22,54	2
1csp	34,69	2
1csp	21,54	2
1csp	48,67	2
1csp	11,52	2
1csp	45,66	2
1csp	4,48	2
1csp	14,42	2
1csp	25,57	2
1csp	41,5	2
1csp	40,9	2
1csp	40,63	2
1csp	6,69	2
1csp	40,61	2
1csp	40,6	2
1csp	28,58	2
1csp	1,45	2
1csp	4,47	2
1csp	43,5	2
1csp	1,38	2
1csp	1,37	2
1csp	4,40	2
1csp	3,44	2
1csp	3,47	2
1csp	3,48	2
1csp	39,66	2
1csp	67,7	2
1csp	38,61	2
1csp	38,63	2
1csp	13,69	2
1csp	40,60	2
1csp	10,56	2
1csp	57,6	2
1csp	36,63	2
1csp	44,58	2
1csp	13,64	2
1csp	24,64	2
1csp	37,4	2
1csp	13,61	2
1csp	43,61	2
1csp	58,6	2
1csp	24,44	1
1csp	3,40	1
1csp	24,40	1
1csp	23,67	1
1csp	22,61	1
1csp	22,65	1
1csp	55,7	1
1csp	1,39	1
1csp	31,67	1
1csp	3,51	1
1csp	24,39	1
1csp	22,66	1
1csp	3,58	1
1csp	22,6	1
1csp	3,61	1
1csp	1,24	1
1csp	1,22	1
1csp	22,58	1
1csp	1,21	1
1csp	24,3	1
1csp	3,65	1
1csp	23,68	1
1csp	1,40	1
1csp	1,44	1
1csp	24,54	1
1csp	56,6	1
1csp	23,66	1
1csp	24,66	1
1csp	24,67	1
1csp	32,66	1
1csp	25,41	1
1csp	10,55	1
1csp	54,6	1
1csp	54,67	1
1csp	25,58	1
1csp	59,6	1
1csp	23,57	1
1csp	24,58	1
1csp	1,66	1
1csp	23,55	1
1csp	25,65	1
1csp	25,66	1
1csp	25,67	1
1csp	1,51	1
1csp	23,43	1
1csp	3,37	1
1csp	10,42	1
1csp	3,39	1
1csp	38,69	1
1csp	49,5	1
1csp	22,44	1
1csp	43,9	1
1csp	37,61	1
1csp	4,63	1
1csp	4,64	1
1csp	40,5	1
1csp	37,60	1
1csp	40,54	1
1csp	40,58	1
1csp	37,59	1
1csp	40,64	1
1csp	37,58	1
1csp	37,56	1
1csp	41,61	1
1csp	41,8	1
1csp	42,5	1
1csp	42,7	1
1csp	43,59	1
1csp	2,21	1
1csp	43,60	1
1csp	13,66	1
1csp	37,63	1
1csp	4,59	1
1csp	4,58	1
1csp	39,67	1
1csp	39,54	1
1csp	38,60	1
1csp	3,64	1
1csp	38,59	1
1csp	38,58	1
1csp	38,56	1
1csp	39,63	1
1csp	39,64	1
1csp	39,68	1
1csp	4,57	1
1csp	38,55	1
1csp	38,54	1
1csp	4,41	1
1csp	4,42	1
1csp	37,69	1
1csp	37,67	1
1csp	37,64	1
1csp	4,56	1
1csp	13,65	1
1csp	2,23	1
1csp	22,43	1
1csp	44,63	1
1csp	12,43	1
1csp	12,40	1
1csp	34,67	1
1csp	34,65	1
1csp	21,56	1
1csp	21,59	1
1csp	11,68	1
1csp	34,57	1
1csp	21,60	1
1csp	11,59	1
1csp	5,50	1
1csp	5,52	1
1csp	5,57	1
1csp	21,61	1
1csp	21,67	1
1csp	21,7	1
1csp	5,69	1
1csp	50,63	1
1csp	22,37	1
1csp	12,56	1
1csp	21,5	1
1csp	21,43	1
1csp	2,32	1
1csp	2,25	1
1csp	2,26	1
1csp	36,64	1
1csp	13,59	1
1csp	13,58	1
1csp	13,56	1
1csp	13,55	1
1csp	13,54	1
1csp	45,69	1
1csp	21,42	1
1csp	2,36	1
1csp	2,41	1
1csp	2,49	1
1csp	2,59	1
1csp	35,63	1
1csp	35,61	1
1csp	47,5	1
1csp	21,3	1
1csp	3,63	1
