protein	pair	frequency
1csp	16,31	178
1csp	17,30	166
1csp	16,34	163
1csp	16,46	163
1csp	16,47	160
1csp	16,33	157
1csp	17,33	149
1csp	16,48	147
1csp	20,46	144
1csp	17,31	142
1csp	17,47	142
1csp	16,32	141
1csp	17,48	139
1csp	17,46	138
1csp	16,37	138
1csp	17,34	137
1csp	16,39	137
1csp	16,29	134
1csp	17,36	134
1csp	16,36	133
1csp	16,49	133
1csp	16,30	131
1csp	16,38	130
1csp	17,49	126
1csp	20,34	119
1csp	17,51	119
1csp	29,6	116
1csp	17,35	116
1csp	17,40	115
1csp	16,51	115
1csp	17,38	115
1csp	16,35	114
1csp	17,3	113
1csp	30,48	112
1csp	16,45	110
1csp	17,39	110
1csp	17,45	109
1csp	16,64	108
1csp	17,56	108
1csp	16,50	107
1csp	18,39	107
1csp	16,56	107
1csp	17,32	106
1csp	16,40	106
1csp	16,53	105
1csp	17,37	104
1csp	17,69	104
1csp	18,34	103
1csp	20,33	102
1csp	30,49	102
1csp	16,43	101
1csp	18,49	101
1csp	16,63	101
1csp	17,64	100
1csp	18,33	100
1csp	49,62	100
1csp	17,68	98
1csp	16,3	98
1csp	30,47	98
1csp	17,41	98
1csp	17,63	97
1csp	15,49	97
1csp	17,50	97
1csp	16,52	96
1csp	17,53	95
1csp	27,47	95
1csp	15,46	95
1csp	30,6	94
1csp	15,47	94
1csp	17,43	94
1csp	17,52	93
1csp	16,44	93
1csp	17,42	93
1csp	18,48	92
1csp	17,61	91
1csp	28,47	91
1csp	18,46	90
1csp	17,62	90
1csp	29,7	90
1csp	17,67	90
1csp	35,49	89
1csp	30,7	89
1csp	16,54	89
1csp	17,65	88
1csp	28,49	88
1csp	18,35	88
1csp	18,36	88
1csp	17,55	87
1csp	17,2	87
1csp	17,57	86
1csp	18,38	86
1csp	16,69	86
1csp	49,8	85
1csp	17,44	85
1csp	17,58	85
1csp	16,57	85
1csp	30,46	85
1csp	18,47	85
1csp	15,48	84
1csp	27,6	84
1csp	18,31	84
1csp	18,57	84
1csp	20,47	83
1csp	31,49	82
1csp	18,63	82
1csp	18,37	82
1csp	33,46	82
1csp	18,42	81
1csp	16,62	81
1csp	18,69	80
1csp	28,6	80
1csp	18,41	80
1csp	17,60	80
1csp	33,49	80
1csp	16,42	79
1csp	22,49	79
1csp	18,51	79
1csp	15,29	79
1csp	18,3	79
1csp	17,66	79
1csp	17,59	79
1csp	30,62	78
1csp	27,48	78
1csp	48,62	78
1csp	18,43	78
1csp	29,47	78
1csp	18,68	78
1csp	16,41	78
1csp	31,48	77
1csp	17,54	77
1csp	20,45	77
1csp	26,6	77
1csp	18,60	77
1csp	20,48	77
1csp	29,48	77
1csp	46,62	76
1csp	16,67	76
1csp	18,61	76
1csp	16,55	76
1csp	32,49	76
1csp	48,8	75
1csp	27,46	75
1csp	28,46	75
1csp	28,7	75
1csp	18,62	74
1csp	31,6	74
1csp	16,66	74
1csp	27,49	74
1csp	18,45	73
1csp	16,65	73
1csp	15,33	73
1csp	28,48	73
1csp	47,62	72
1csp	18,32	72
1csp	26,7	72
1csp	20,36	72
1csp	47,8	71
1csp	18,59	71
1csp	18,65	71
1csp	18,2	71
1csp	15,36	71
1csp	16,60	71
1csp	18,67	70
1csp	15,34	70
1csp	36,49	70
1csp	20,49	70
1csp	16,68	70
1csp	18,55	70
1csp	18,44	70
1csp	15,30	69
1csp	1,18	69
1csp	30,8	69
1csp	16,58	69
1csp	14,47	68
1csp	48,61	68
1csp	14,46	67
1csp	29,49	67
1csp	18,50	67
1csp	23,48	67
1csp	18,66	67
1csp	31,46	67
1csp	30,51	67
1csp	26,47	66
1csp	14,48	66
1csp	36,6	66
1csp	30,50	66
1csp	18,56	66
1csp	33,6	66
1csp	20,38	66
1csp	23,47	66
1csp	48,7	66
1csp	31,62	66
1csp	25,6	65
1csp	18,64	65
1csp	16,59	65
1csp	31,50	65
1csp	29,46	65
1csp	20,35	64
1csp	14,49	64
1csp	18,40	63
1csp	17,4	63
1csp	23,49	63
1csp	31,47	62
1csp	18,52	62
1csp	16,61	61
1csp	35,48	61
1csp	26,49	61
1csp	1,16	61
1csp	34,6	61
1csp	25,46	60
1csp	15,35	60
1csp	33,48	60
1csp	20,39	60
1csp	31,51	59
1csp	10,36	59
1csp	20,64	59
1csp	45,62	59
1csp	49,7	59
1csp	30,52	58
1csp	30,53	58
1csp	27,7	58
1csp	15,31	58
1csp	26,46	58
1csp	26,48	57
1csp	49,9	57
1csp	33,62	57
1csp	16,2	57
1csp	30,61	56
1csp	20,51	56
1csp	31,8	55
1csp	31,7	55
1csp	12,49	55
1csp	15,51	54
1csp	28,8	54
1csp	33,7	54
1csp	10,30	53
1csp	15,28	53
1csp	28,9	53
1csp	14,34	53
1csp	18,58	53
1csp	13,49	53
1csp	46,7	53
1csp	10,28	53
1csp	15,64	52
1csp	20,37	52
1csp	34,49	52
1csp	47,7	52
1csp	30,45	52
1csp	1,17	52
1csp	20,53	52
1csp	35,9	51
1csp	33,47	51
1csp	27,8	51
1csp	15,32	51
1csp	25,7	51
1csp	33,5	51
1csp	18,5	51
1csp	25,49	51
1csp	22,47	50
1csp	24,49	50
1csp	10,33	50
1csp	29,62	49
1csp	11,30	49
1csp	15,45	49
1csp	33,60	49
1csp	30,60	49
1csp	26,8	49
1csp	34,8	49
1csp	26,9	49
1csp	10,49	49
1csp	32,6	49
1csp	11,49	48
1csp	28,53	48
1csp	46,8	48
1csp	29,50	48
1csp	30,63	47
1csp	23,46	47
1csp	31,61	47
1csp	25,48	47
1csp	30,54	47
1csp	48,9	47
1csp	27,63	47
1csp	34,48	46
1csp	35,8	46
1csp	33,50	46
1csp	22,46	46
1csp	19,49	46
1csp	18,54	46
1csp	14,29	45
1csp	30,56	45
1csp	15,37	45
1csp	27,50	45
1csp	33,61	45
1csp	19,46	45
1csp	18,53	45
1csp	15,39	45
1csp	28,50	45
1csp	27,52	45
1csp	10,46	45
1csp	27,45	45
1csp	18,4	44
1csp	28,56	44
1csp	15,38	44
1csp	14,51	44
1csp	31,53	44
1csp	20,63	44
1csp	29,8	44
1csp	32,7	44
1csp	35,6	43
1csp	23,7	43
1csp	10,27	43
1csp	28,45	43
1csp	33,8	43
1csp	15,63	43
1csp	49,66	43
1csp	11,48	43
1csp	10,47	42
1csp	29,9	42
1csp	30,9	42
1csp	10,48	42
1csp	29,51	42
1csp	28,52	42
1csp	15,62	42
1csp	10,31	41
1csp	30,59	41
1csp	27,51	41
1csp	11,28	41
1csp	10,29	41
1csp	47,61	41
1csp	22,48	41
1csp	14,30	41
1csp	29,52	41
1csp	15,50	41
1csp	29,56	41
1csp	14,33	41
1csp	27,9	40
1csp	33,59	40
1csp	11,27	40
1csp	29,53	40
1csp	25,47	40
1csp	35,7	40
1csp	15,53	40
1csp	25,8	40
1csp	28,63	40
1csp	28,5	40
1csp	30,5	40
1csp	14,62	39
1csp	47,9	39
1csp	11,31	39
1csp	32,46	39
1csp	29,5	39
1csp	23,51	39
1csp	19,33	38
1csp	36,8	38
1csp	11,26	38
1csp	46,60	38
1csp	46,61	38
1csp	30,68	38
1csp	45,6	38
1csp	26,51	37
1csp	26,45	37
1csp	14,27	37
1csp	32,8	37
1csp	20,52	37
1csp	27,62	37
1csp	10,34	37
1csp	31,52	37
1csp	27,53	36
1csp	36,50	36
1csp	34,7	36
1csp	34,9	36
1csp	37,8	36
1csp	11,36	36
1csp	30,57	36
1csp	30,69	36
1csp	29,4	36
1csp	28,51	36
1csp	14,36	35
1csp	20,50	35
1csp	14,64	35
1csp	10,35	35
1csp	33,64	35
1csp	15,52	35
1csp	15,55	35
1csp	36,9	35
1csp	10,26	35
1csp	47,60	35
1csp	32,47	35
1csp	20,44	35
1csp	29,63	34
1csp	29,45	34
1csp	25,9	34
1csp	10,50	34
1csp	13,33	34
1csp	32,48	34
1csp	11,33	34
1csp	15,40	34
1csp	11,47	34
1csp	15,56	34
1csp	19,48	34
1csp	12,48	34
1csp	33,53	34
1csp	27,64	34
1csp	12,30	33
1csp	46,9	33
1csp	31,9	33
1csp	28,64	33
1csp	31,45	33
1csp	64,7	33
1csp	30,64	33
1csp	51,7	33
1csp	36,7	33
1csp	11,29	33
1csp	27,56	33
1csp	19,47	33
1csp	35,50	32
1csp	31,5	32
1csp	33,51	32
1csp	24,47	32
1csp	26,50	32
1csp	26,62	32
1csp	26,63	32
1csp	27,4	32
1csp	20,43	32
1csp	19,36	32
1csp	50,7	32
1csp	15,58	32
1csp	39,7	32
1csp	15,54	32
1csp	14,28	32
1csp	33,69	31
1csp	30,58	31
1csp	30,55	31
1csp	14,52	31
1csp	14,53	31
1csp	38,7	31
1csp	33,9	31
1csp	11,34	31
1csp	11,46	31
1csp	26,5	31
1csp	15,44	30
1csp	15,41	30
1csp	22,7	30
1csp	12,29	30
1csp	15,57	30
1csp	35,51	30
1csp	27,5	30
1csp	19,34	30
1csp	38,6	30
1csp	24,9	29
1csp	15,67	29
1csp	14,35	29
1csp	30,65	29
1csp	30,4	29
1csp	21,49	29
1csp	28,4	29
1csp	34,5	29
1csp	32,62	29
1csp	14,32	29
1csp	51,8	29
1csp	15,65	28
1csp	33,63	28
1csp	20,62	28
1csp	24,6	28
1csp	21,48	28
1csp	51,9	28
1csp	15,43	28
1csp	29,55	28
1csp	37,6	28
1csp	31,60	28
1csp	14,45	28
1csp	24,46	28
1csp	32,50	28
1csp	30,43	28
1csp	11,35	28
1csp	31,4	28
1csp	29,64	28
1csp	25,50	28
1csp	39,8	27
1csp	28,55	27
1csp	50,9	27
1csp	19,32	27
1csp	23,9	27
1csp	27,67	27
1csp	45,7	27
1csp	23,53	27
1csp	30,44	27
1csp	45,61	27
1csp	27,55	27
1csp	32,51	27
1csp	40,62	26
1csp	10,39	26
1csp	45,5	26
1csp	33,66	26
1csp	33,54	26
1csp	63,7	26
1csp	30,66	26
1csp	31,64	26
1csp	50,8	26
1csp	13,34	26
1csp	37,7	25
1csp	46,59	25
1csp	20,54	25
1csp	19,6	25
1csp	34,47	25
1csp	15,61	25
1csp	33,67	25
1csp	32,53	25
1csp	11,32	25
1csp	12,47	25
1csp	24,8	25
1csp	31,56	25
1csp	25,45	25
1csp	35,53	25
1csp	38,8	25
1csp	33,65	25
1csp	15,69	25
1csp	23,45	25
1csp	33,52	25
1csp	14,63	25
1csp	26,56	24
1csp	33,58	24
1csp	3,33	24
1csp	19,35	24
1csp	35,5	24
1csp	27,3	24
1csp	34,63	24
1csp	11,25	24
1csp	13,48	24
1csp	26,53	24
1csp	33,4	24
1csp	23,50	24
1csp	30,67	24
1csp	15,60	24
1csp	19,5	24
1csp	13,36	24
1csp	19,51	24
1csp	23,8	24
1csp	12,26	24
1csp	1,29	24
1csp	29,54	24
1csp	2,20	24
1csp	19,63	24
1csp	14,50	24
1csp	10,25	24
1csp	11,38	23
1csp	11,45	23
1csp	14,31	23
1csp	49,68	23
1csp	21,47	23
1csp	14,39	23
1csp	27,43	23
1csp	20,56	23
1csp	38,5	23
1csp	15,42	23
1csp	19,45	23
1csp	29,66	23
1csp	20,41	23
1csp	20,6	23
1csp	2,33	23
1csp	10,38	23
1csp	20,3	23
1csp	10,37	23
1csp	35,52	23
1csp	38,9	23
1csp	28,62	23
1csp	11,50	22
1csp	20,40	22
1csp	50,64	22
1csp	10,51	22
1csp	19,56	22
1csp	26,64	22
1csp	53,7	22
1csp	48,66	22
1csp	12,34	22
1csp	34,62	22
1csp	27,54	22
1csp	22,8	22
1csp	15,59	22
1csp	15,68	21
1csp	31,59	21
1csp	14,37	21
1csp	2,46	21
1csp	28,65	21
1csp	10,24	21
1csp	3,30	21
1csp	33,56	21
1csp	33,57	21
1csp	35,54	21
1csp	39,6	21
1csp	26,4	21
1csp	19,39	21
1csp	24,48	21
1csp	14,61	21
1csp	12,31	21
1csp	20,42	21
1csp	37,62	21
1csp	27,65	21
1csp	20,5	21
1csp	14,38	20
1csp	25,51	20
1csp	37,9	20
1csp	13,46	20
1csp	49,64	20
1csp	25,62	20
1csp	64,8	20
1csp	15,66	20
1csp	25,52	20
1csp	13,30	20
1csp	23,52	20
1csp	29,61	20
1csp	26,3	20
1csp	25,63	20
1csp	49,65	20
1csp	10,32	20
1csp	33,68	20
1csp	48,64	19
1csp	10,62	19
1csp	20,60	19
1csp	38,51	19
1csp	13,47	19
1csp	24,7	19
1csp	13,38	19
1csp	22,45	19
1csp	25,5	19
1csp	13,39	19
1csp	3,35	19
1csp	12,36	19
1csp	35,4	19
1csp	20,61	18
1csp	24,50	18
1csp	28,3	18
1csp	20,65	18
1csp	12,33	18
1csp	1,28	18
1csp	25,53	18
1csp	37,51	18
1csp	31,58	18
1csp	29,3	18
1csp	27,40	18
1csp	32,45	18
1csp	45,8	18
1csp	26,52	18
1csp	12,62	18
1csp	34,50	18
1csp	14,41	17
1csp	19,55	17
1csp	27,61	17
1csp	34,61	17
1csp	12,32	17
1csp	38,62	17
1csp	29,68	17
1csp	12,46	17
1csp	53,9	17
1csp	1,20	17
1csp	21,46	17
1csp	20,7	17
1csp	28,66	17
1csp	34,4	17
1csp	11,51	17
1csp	1,33	17
1csp	1,26	17
1csp	32,61	17
1csp	26,39	17
1csp	39,9	17
1csp	14,54	17
1csp	29,57	17
1csp	12,25	17
1csp	32,52	17
1csp	29,58	17
1csp	10,45	17
1csp	27,69	17
1csp	27,68	17
1csp	2,47	17
1csp	50,66	17
1csp	51,64	16
1csp	6,62	16
1csp	49,67	16
1csp	52,7	16
1csp	11,62	16
1csp	12,35	16
1csp	10,44	16
1csp	25,56	16
1csp	49,69	16
1csp	29,65	16
1csp	12,27	16
1csp	62,9	16
1csp	3,34	16
1csp	22,9	16
1csp	31,69	16
1csp	23,62	16
1csp	36,51	16
1csp	46,5	16
1csp	33,55	16
1csp	45,68	16
1csp	2,30	16
1csp	22,51	16
1csp	36,5	16
1csp	12,51	16
1csp	37,50	16
1csp	20,55	16
1csp	19,38	16
1csp	62,7	15
1csp	43,62	15
1csp	28,44	15
1csp	53,67	15
1csp	27,44	15
1csp	53,8	15
1csp	13,35	15
1csp	13,29	15
1csp	35,58	15
1csp	64,9	15
1csp	36,62	15
1csp	22,50	15
1csp	68,8	15
1csp	19,52	15
1csp	12,50	15
1csp	38,53	15
1csp	13,62	15
1csp	13,27	15
1csp	53,6	14
1csp	52,8	14
1csp	27,41	14
1csp	6,65	14
1csp	58,8	14
1csp	59,8	14
1csp	27,66	14
1csp	10,52	14
1csp	4,45	14
1csp	10,43	14
1csp	14,68	14
1csp	28,54	14
1csp	36,4	14
1csp	1,34	14
1csp	1,31	14
1csp	37,5	14
1csp	3,31	14
1csp	45,60	14
1csp	27,59	14
1csp	26,55	14
1csp	31,57	14
1csp	13,50	14
1csp	31,63	14
1csp	22,62	14
1csp	47,64	14
1csp	22,52	14
1csp	32,54	13
1csp	20,67	13
1csp	32,5	13
1csp	47,68	13
1csp	35,59	13
1csp	2,45	13
1csp	54,7	13
1csp	14,56	13
1csp	2,31	13
1csp	10,53	13
1csp	1,62	13
1csp	36,53	13
1csp	10,65	13
1csp	31,54	13
1csp	1,19	13
1csp	2,27	13
1csp	14,43	13
1csp	37,53	13
1csp	13,31	13
1csp	19,62	13
1csp	41,62	13
1csp	19,53	13
1csp	26,54	13
1csp	24,62	13
1csp	19,37	13
1csp	60,7	12
1csp	61,7	12
1csp	14,58	12
1csp	6,68	12
1csp	39,62	12
1csp	28,43	12
1csp	2,62	12
1csp	2,48	12
1csp	39,5	12
1csp	32,59	12
1csp	23,6	12
1csp	28,67	12
1csp	29,42	12
1csp	1,35	12
1csp	12,28	12
1csp	1,30	12
1csp	48,65	12
1csp	19,64	12
1csp	69,7	12
1csp	29,67	12
1csp	19,3	12
1csp	28,41	12
1csp	49,63	12
1csp	20,68	12
1csp	32,9	12
1csp	22,36	12
1csp	10,58	12
1csp	26,40	12
1csp	22,53	12
1csp	11,37	12
1csp	20,59	12
1csp	14,44	12
1csp	50,67	12
1csp	13,51	12
1csp	20,57	12
1csp	10,66	11
1csp	19,43	11
1csp	27,42	11
1csp	28,68	11
1csp	21,62	11
1csp	20,69	11
1csp	42,62	11
1csp	21,51	11
1csp	65,7	11
1csp	68,9	11
1csp	19,50	11
1csp	13,45	11
1csp	66,9	11
1csp	19,40	11
1csp	28,61	11
1csp	68,7	11
1csp	44,5	11
1csp	52,66	11
1csp	3,36	11
1csp	32,63	11
1csp	35,62	11
1csp	31,55	11
1csp	50,65	11
1csp	20,58	11
1csp	32,60	11
1csp	14,69	11
1csp	6,61	11
1csp	53,66	11
1csp	31,66	11
1csp	14,40	11
1csp	10,57	11
1csp	21,36	11
1csp	27,57	11
1csp	46,6	11
1csp	31,65	10
1csp	32,65	10
1csp	43,7	10
1csp	34,60	10
1csp	3,62	10
1csp	69,8	10
1csp	38,4	10
1csp	54,8	10
1csp	51,66	10
1csp	36,52	10
1csp	32,69	10
1csp	46,63	10
1csp	6,63	10
1csp	35,69	10
1csp	50,6	10
1csp	6,67	10
1csp	6,60	10
1csp	59,7	10
1csp	57,8	10
1csp	34,64	10
1csp	47,63	10
1csp	65,8	10
1csp	36,58	10
1csp	66,7	10
1csp	67,8	10
1csp	35,56	10
1csp	67,9	10
1csp	31,68	10
1csp	45,63	10
1csp	1,14	10
1csp	14,66	10
1csp	19,68	10
1csp	26,65	10
1csp	12,53	10
1csp	26,44	10
1csp	27,58	10
1csp	27,60	10
1csp	26,41	10
1csp	28,57	10
1csp	12,38	10
1csp	11,64	10
1csp	28,69	10
1csp	11,63	10
1csp	14,65	10
1csp	19,60	10
1csp	19,54	10
1csp	12,63	10
1csp	2,29	10
1csp	1,27	10
1csp	24,51	10
1csp	25,3	10
1csp	20,4	10
1csp	11,39	10
1csp	10,23	10
1csp	21,34	10
1csp	34,66	9
1csp	47,6	9
1csp	24,5	9
1csp	13,28	9
1csp	34,51	9
1csp	2,28	9
1csp	21,35	9
1csp	2,35	9
1csp	14,60	9
1csp	2,34	9
1csp	19,4	9
1csp	19,44	9
1csp	13,26	9
1csp	14,59	9
1csp	12,66	9
1csp	11,44	9
1csp	48,5	9
1csp	1,32	9
1csp	26,69	9
1csp	47,65	9
1csp	1,46	9
1csp	10,64	9
1csp	63,8	9
1csp	50,68	9
1csp	29,44	9
1csp	29,59	9
1csp	59,9	9
1csp	58,7	8
1csp	11,24	8
1csp	36,59	8
1csp	53,68	8
1csp	32,56	8
1csp	52,9	8
1csp	35,55	8
1csp	63,9	8
1csp	32,68	8
1csp	23,5	8
1csp	66,8	8
1csp	62,8	8
1csp	52,65	8
1csp	19,67	8
1csp	19,66	8
1csp	52,6	8
1csp	51,65	8
1csp	19,2	8
1csp	15,2	8
1csp	11,66	8
1csp	4,62	8
1csp	40,7	8
1csp	44,6	8
1csp	44,62	8
1csp	13,40	8
1csp	49,6	8
1csp	13,32	8
1csp	12,45	8
1csp	23,54	8
1csp	3,32	8
1csp	69,9	8
1csp	26,68	8
1csp	3,38	8
1csp	1,15	8
1csp	25,54	8
1csp	29,43	8
1csp	26,58	8
1csp	26,57	8
1csp	3,45	8
1csp	24,45	8
1csp	25,64	8
1csp	24,63	8
1csp	34,53	7
1csp	29,60	7
1csp	19,61	7
1csp	11,43	7
1csp	22,35	7
1csp	34,56	7
1csp	19,59	7
1csp	19,58	7
1csp	10,69	7
1csp	54,6	7
1csp	10,63	7
1csp	13,63	7
1csp	2,26	7
1csp	21,52	7
1csp	19,69	7
1csp	21,45	7
1csp	55,9	7
1csp	12,39	7
1csp	36,69	7
1csp	48,69	7
1csp	35,57	7
1csp	26,42	7
1csp	20,66	7
1csp	48,63	7
1csp	48,6	7
1csp	26,60	7
1csp	26,61	7
1csp	2,38	7
1csp	55,7	7
1csp	43,6	7
1csp	25,38	7
1csp	24,53	7
1csp	25,61	7
1csp	6,64	7
1csp	6,66	7
1csp	6,69	7
1csp	39,60	7
1csp	14,57	7
1csp	31,44	7
1csp	32,64	7
1csp	61,8	7
1csp	14,55	7
1csp	4,46	7
1csp	23,61	7
1csp	65,9	7
1csp	23,64	7
1csp	39,53	7
1csp	1,36	7
1csp	57,9	7
1csp	23,39	7
1csp	23,36	7
1csp	38,59	7
1csp	67,7	6
1csp	36,54	6
1csp	21,50	6
1csp	13,41	6
1csp	12,64	6
1csp	21,44	6
1csp	32,4	6
1csp	12,37	6
1csp	2,49	6
1csp	60,8	6
1csp	21,38	6
1csp	36,61	6
1csp	36,57	6
1csp	25,4	6
1csp	39,4	6
1csp	39,52	6
1csp	23,63	6
1csp	46,68	6
1csp	34,67	6
1csp	3,46	6
1csp	36,60	6
1csp	26,67	6
1csp	14,67	6
1csp	5,61	6
1csp	56,7	6
1csp	5,63	6
1csp	45,64	6
1csp	29,69	6
1csp	11,40	6
1csp	34,65	6
1csp	19,42	6
1csp	21,64	6
1csp	10,68	6
1csp	50,69	6
1csp	37,61	6
1csp	19,41	6
1csp	10,59	6
1csp	11,65	6
1csp	45,9	6
1csp	13,53	6
1csp	38,52	6
1csp	40,8	6
1csp	56,9	6
1csp	22,63	6
1csp	25,44	6
1csp	26,59	5
1csp	19,57	5
1csp	40,61	5
1csp	40,53	5
1csp	13,43	5
1csp	41,6	5
1csp	47,66	5
1csp	26,43	5
1csp	45,58	5
1csp	19,65	5
1csp	45,59	5
1csp	45,65	5
1csp	46,64	5
1csp	13,44	5
1csp	25,42	5
1csp	37,52	5
1csp	25,55	5
1csp	44,9	5
1csp	39,59	5
1csp	2,36	5
1csp	57,7	5
1csp	34,58	5
1csp	58,9	5
1csp	34,54	5
1csp	28,60	5
1csp	11,61	5
1csp	51,6	5
1csp	10,60	5
1csp	11,53	5
1csp	58,6	5
1csp	11,52	5
1csp	52,67	5
1csp	21,8	5
1csp	52,68	5
1csp	22,38	5
1csp	53,69	5
1csp	10,67	5
1csp	22,54	5
1csp	54,9	5
1csp	22,64	5
1csp	23,38	5
1csp	57,6	5
1csp	34,59	5
1csp	32,67	5
1csp	61,9	5
1csp	35,60	5
1csp	12,61	5
1csp	24,38	5
1csp	26,66	5
1csp	24,37	5
1csp	1,38	5
1csp	35,68	5
1csp	12,58	5
1csp	35,64	5
1csp	35,63	5
1csp	35,61	5
1csp	10,61	5
1csp	48,68	5
1csp	28,42	5
1csp	1,63	5
1csp	21,41	5
1csp	10,40	5
1csp	5,62	5
1csp	21,54	5
1csp	4,56	4
1csp	60,9	4
1csp	39,66	4
1csp	10,54	4
1csp	59,6	4
1csp	51,67	4
1csp	14,42	4
1csp	41,5	4
1csp	12,60	4
1csp	12,67	4
1csp	12,68	4
1csp	48,67	4
1csp	39,58	4
1csp	46,65	4
1csp	11,67	4
1csp	28,59	4
1csp	5,50	4
1csp	5,64	4
1csp	5,66	4
1csp	5,67	4
1csp	50,63	4
1csp	47,67	4
1csp	44,8	4
1csp	28,58	4
1csp	40,63	4
1csp	35,65	4
1csp	23,4	4
1csp	37,64	4
1csp	37,60	4
1csp	36,63	4
1csp	25,40	4
1csp	25,39	4
1csp	36,55	4
1csp	35,67	4
1csp	24,64	4
1csp	34,68	4
1csp	21,55	4
1csp	21,65	4
1csp	22,39	4
1csp	22,58	4
1csp	23,37	4
1csp	34,57	4
1csp	23,56	4
1csp	23,41	4
1csp	24,4	4
1csp	32,58	4
1csp	32,57	4
1csp	23,44	4
1csp	31,67	4
1csp	36,64	3
1csp	39,54	3
1csp	35,66	3
1csp	47,69	3
1csp	36,56	3
1csp	32,55	3
1csp	1,47	3
1csp	1,37	3
1csp	23,40	3
1csp	12,52	3
1csp	37,54	3
1csp	37,56	3
1csp	37,58	3
1csp	37,59	3
1csp	13,61	3
1csp	3,39	3
1csp	13,64	3
1csp	44,7	3
1csp	44,60	3
1csp	44,58	3
1csp	37,4	3
1csp	21,39	3
1csp	12,44	3
1csp	12,41	3
1csp	32,66	3
1csp	23,3	3
1csp	56,8	3
1csp	55,8	3
1csp	3,48	3
1csp	22,56	3
1csp	22,55	3
1csp	11,41	3
1csp	21,7	3
1csp	11,54	3
1csp	51,69	3
1csp	51,68	3
1csp	10,41	3
1csp	11,55	3
1csp	34,52	3
1csp	43,5	3
1csp	21,53	3
1csp	3,47	3
1csp	5,59	3
1csp	5,58	3
1csp	34,69	3
1csp	43,61	3
1csp	39,56	3
1csp	37,69	3
1csp	40,6	3
1csp	4,48	3
1csp	38,67	3
1csp	4,44	3
1csp	4,65	3
1csp	13,69	3
1csp	38,60	3
1csp	25,60	3
1csp	38,61	3
1csp	39,68	3
1csp	41,59	3
1csp	25,57	3
1csp	4,61	3
1csp	40,60	3
1csp	25,59	3
1csp	3,37	3
1csp	38,58	3
1csp	40,9	3
1csp	24,58	2
1csp	5,53	2
1csp	4,63	2
1csp	11,56	2
1csp	21,63	2
1csp	11,57	2
1csp	11,58	2
1csp	49,5	2
1csp	11,59	2
1csp	21,61	2
1csp	11,60	2
1csp	5,56	2
1csp	21,59	2
1csp	12,43	2
1csp	5,60	2
1csp	5,68	2
1csp	38,56	2
1csp	21,58	2
1csp	5,65	2
1csp	21,40	2
1csp	11,69	2
1csp	21,56	2
1csp	3,61	2
1csp	21,67	2
1csp	24,52	2
1csp	1,25	2
1csp	25,58	2
1csp	23,67	2
1csp	1,39	2
1csp	1,45	2
1csp	3,44	2
1csp	23,66	2
1csp	1,48	2
1csp	23,65	2
1csp	23,60	2
1csp	39,63	2
1csp	39,64	2
1csp	1,66	2
1csp	10,42	2
1csp	52,69	2
1csp	38,69	2
1csp	10,56	2
1csp	4,40	2
1csp	3,49	2
1csp	4,41	2
1csp	4,43	2
1csp	22,66	2
1csp	56,6	2
1csp	22,6	2
1csp	4,47	2
1csp	54,67	2
1csp	21,3	2
1csp	38,63	2
1csp	21,37	2
1csp	24,44	2
1csp	13,55	2
1csp	43,8	2
1csp	46,66	2
1csp	44,57	2
1csp	42,7	2
1csp	2,39	2
1csp	25,43	2
1csp	25,66	2
1csp	12,65	2
1csp	13,52	2
1csp	41,61	2
1csp	25,41	2
1csp	41,9	2
1csp	37,63	2
1csp	41,63	2
1csp	42,63	2
1csp	13,37	2
1csp	2,23	2
1csp	46,69	2
1csp	2,44	2
1csp	13,65	2
1csp	45,66	2
1csp	13,66	2
1csp	12,56	2
1csp	13,57	2
1csp	12,55	2
1csp	41,8	1
1csp	3,51	1
1csp	13,56	1
1csp	45,69	1
1csp	42,5	1
1csp	10,55	1
1csp	38,64	1
1csp	22,61	1
1csp	23,43	1
1csp	13,60	1
1csp	38,68	1
1csp	22,65	1
1csp	23,42	1
1csp	41,69	1
1csp	41,7	1
1csp	22,67	1
1csp	13,58	1
1csp	13,59	1
1csp	4,42	1
1csp	13,68	1
1csp	24,66	1
1csp	39,69	1
1csp	37,66	1
1csp	1,21	1
1csp	1,22	1
1csp	1,24	1
1csp	37,67	1
1csp	43,60	1
1csp	42,9	1
1csp	24,39	1
1csp	24,3	1
1csp	39,61	1
1csp	3,40	1
1csp	23,68	1
1csp	13,67	1
1csp	43,65	1
1csp	1,40	1
1csp	1,44	1
1csp	3,41	1
1csp	43,9	1
1csp	1,51	1
1csp	42,65	1
1csp	1,58	1
1csp	25,67	1
1csp	39,65	1
1csp	23,57	1
1csp	44,63	1
1csp	44,66	1
1csp	54,68	1
1csp	23,55	1
1csp	39,67	1
1csp	3,58	1
1csp	4,51	1
1csp	11,68	1
1csp	43,59	1
1csp	41,60	1
1csp	2,32	1
1csp	40,54	1
1csp	40,58	1
1csp	24,67	1
1csp	2,41	1
1csp	5,57	1
1csp	41,55	1
1csp	5,52	1
1csp	2,59	1
1csp	21,5	1
1csp	21,43	1
1csp	2,61	1
1csp	22,5	1
1csp	21,42	1
1csp	2,63	1
1csp	21,4	1
1csp	12,40	1
1csp	38,54	1
1csp	12,42	1
1csp	12,57	1
1csp	24,40	1
1csp	38,55	1
1csp	40,64	1
1csp	40,68	1
1csp	24,59	1
1csp	25,65	1
1csp	47,5	1
1csp	5,69	1
1csp	40,5	1
1csp	34,55	1
1csp	22,44	1
1csp	22,43	1
1csp	22,42	1
1csp	3,59	1
1csp	37,57	1
1csp	22,40	1
1csp	13,54	1
1csp	4,57	1
1csp	22,37	1
1csp	41,68	1
1csp	22,3	1
1csp	4,58	1
1csp	3,63	1
1csp	3,64	1
1csp	3,65	1
1csp	21,69	1
1csp	4,59	1
1csp	41,66	1
1csp	2,21	1
1csp	4,64	1
1csp	3,67	1
1csp	41,64	1
1csp	2,25	1
1csp	36,68	1
1csp	21,60	1
1csp	36,66	1
1csp	24,54	1
1csp	43,58	1
