protein	pair	frequency
1csp	38,67	231
1csp	38,66	215
1csp	39,64	211
1csp	38,63	204
1csp	38,65	201
1csp	38,64	200
1csp	39,65	199
1csp	37,65	195
1csp	39,63	194
1csp	37,67	193
1csp	37,64	190
1csp	38,68	190
1csp	39,67	190
1csp	39,66	185
1csp	37,68	182
1csp	37,63	180
1csp	4,55	174
1csp	37,66	167
1csp	38,69	167
1csp	37,69	163
1csp	5,55	162
1csp	55,6	160
1csp	39,69	157
1csp	39,68	155
1csp	38,62	145
1csp	38,59	142
1csp	39,59	139
1csp	21,55	132
1csp	27,55	129
1csp	20,55	128
1csp	3,55	128
1csp	19,55	121
1csp	37,61	120
1csp	26,55	120
1csp	23,55	119
1csp	49,5	119
1csp	38,61	118
1csp	37,62	117
1csp	39,62	117
1csp	4,49	116
1csp	37,59	116
1csp	4,58	114
1csp	39,61	111
1csp	25,55	111
1csp	38,60	110
1csp	17,55	108
1csp	2,55	107
1csp	25,52	106
1csp	27,53	105
1csp	4,48	104
1csp	28,53	103
1csp	4,56	102
1csp	28,55	101
1csp	18,55	100
1csp	22,55	99
1csp	58,6	99
1csp	37,60	98
1csp	28,47	97
1csp	39,60	94
1csp	1,55	93
1csp	25,47	93
1csp	26,47	93
1csp	25,53	92
1csp	27,49	92
1csp	48,5	92
1csp	24,49	92
1csp	24,55	91
1csp	27,52	91
1csp	5,58	89
1csp	23,47	87
1csp	49,6	86
1csp	23,58	86
1csp	25,49	86
1csp	4,47	85
1csp	23,52	85
1csp	24,52	84
1csp	27,47	84
1csp	25,48	84
1csp	4,54	83
1csp	27,48	83
1csp	23,49	82
1csp	26,49	82
1csp	21,47	82
1csp	4,57	82
1csp	24,48	81
1csp	20,47	80
1csp	26,52	80
1csp	21,53	80
1csp	24,53	79
1csp	26,53	79
1csp	5,56	79
1csp	48,6	79
1csp	23,46	78
1csp	27,58	78
1csp	28,52	77
1csp	4,46	76
1csp	21,58	75
1csp	55,8	75
1csp	26,58	75
1csp	3,49	75
1csp	28,49	75
1csp	25,46	75
1csp	46,5	74
1csp	24,47	74
1csp	27,56	74
1csp	47,5	73
1csp	24,58	73
1csp	20,49	73
1csp	24,57	73
1csp	56,6	72
1csp	21,52	72
1csp	23,53	72
1csp	2,58	72
1csp	25,58	71
1csp	25,56	71
1csp	20,52	70
1csp	22,49	70
1csp	26,48	69
1csp	21,49	69
1csp	22,47	69
1csp	28,48	69
1csp	24,46	68
1csp	46,6	68
1csp	3,48	68
1csp	27,46	66
1csp	19,52	65
1csp	19,53	65
1csp	3,56	65
1csp	21,48	65
1csp	3,58	65
1csp	25,54	65
1csp	21,56	65
1csp	27,57	65
1csp	5,54	65
1csp	25,57	65
1csp	17,56	65
1csp	57,6	65
1csp	24,56	64
1csp	54,6	64
1csp	2,56	64
1csp	45,58	63
1csp	29,55	63
1csp	1,49	63
1csp	23,56	63
1csp	20,53	63
1csp	19,56	63
1csp	26,56	62
1csp	29,52	62
1csp	2,48	62
1csp	22,53	62
1csp	17,48	62
1csp	20,56	62
1csp	23,48	62
1csp	47,6	61
1csp	18,47	61
1csp	5,57	61
1csp	18,52	61
1csp	4,52	60
1csp	1,47	60
1csp	20,48	60
1csp	28,58	60
1csp	20,58	60
1csp	18,53	59
1csp	32,55	59
1csp	1,48	59
1csp	19,46	59
1csp	22,52	59
1csp	22,48	58
1csp	18,56	57
1csp	19,48	57
1csp	21,46	56
1csp	11,55	56
1csp	4,53	55
1csp	19,58	54
1csp	19,47	54
1csp	25,50	54
1csp	29,47	54
1csp	10,55	54
1csp	29,53	53
1csp	21,57	53
1csp	17,53	53
1csp	29,48	53
1csp	28,56	52
1csp	28,57	52
1csp	1,58	52
1csp	22,58	52
1csp	17,47	51
1csp	2,57	51
1csp	20,46	51
1csp	3,46	51
1csp	55,9	51
1csp	28,50	50
1csp	27,50	50
1csp	15,55	50
1csp	28,54	50
1csp	29,49	50
1csp	26,46	49
1csp	28,46	49
1csp	19,49	49
1csp	26,57	49
1csp	25,51	49
1csp	22,56	48
1csp	2,49	47
1csp	2,54	47
1csp	32,47	47
1csp	14,55	47
1csp	36,55	47
1csp	21,51	47
1csp	3,47	46
1csp	18,49	46
1csp	5,52	46
1csp	18,58	46
1csp	23,50	46
1csp	1,56	45
1csp	17,54	45
1csp	3,57	45
1csp	17,49	45
1csp	22,3	45
1csp	22,46	45
1csp	22,57	45
1csp	21,50	45
1csp	2,47	44
1csp	56,8	44
1csp	24,54	43
1csp	55,7	43
1csp	53,6	43
1csp	23,57	42
1csp	53,8	42
1csp	13,55	41
1csp	29,46	41
1csp	27,51	41
1csp	19,57	40
1csp	21,54	40
1csp	12,55	40
1csp	52,8	40
1csp	18,48	40
1csp	25,6	40
1csp	26,50	39
1csp	18,46	39
1csp	4,50	39
1csp	27,54	39
1csp	27,5	39
1csp	25,45	39
1csp	20,54	39
1csp	31,53	38
1csp	26,51	38
1csp	17,52	38
1csp	19,4	38
1csp	52,6	38
1csp	23,54	38
1csp	23,4	38
1csp	30,55	37
1csp	4,61	37
1csp	3,54	37
1csp	18,57	37
1csp	29,58	36
1csp	55,69	36
1csp	32,49	36
1csp	24,50	36
1csp	1,46	36
1csp	55,68	36
1csp	28,6	36
1csp	44,58	36
1csp	50,6	36
1csp	47,60	36
1csp	47,61	36
1csp	19,54	35
1csp	5,53	35
1csp	25,4	35
1csp	1,54	35
1csp	5,50	35
1csp	17,57	35
1csp	1,57	34
1csp	32,52	34
1csp	21,4	34
1csp	26,54	34
1csp	22,50	34
1csp	4,60	34
1csp	48,8	33
1csp	10,52	33
1csp	28,5	33
1csp	11,47	33
1csp	1,53	33
1csp	18,54	33
1csp	11,49	33
1csp	19,50	33
1csp	18,50	33
1csp	58,8	33
1csp	23,3	33
1csp	4,51	32
1csp	47,62	32
1csp	27,45	32
1csp	24,4	32
1csp	2,46	32
1csp	53,68	32
1csp	10,53	31
1csp	32,53	31
1csp	48,61	31
1csp	31,55	31
1csp	32,4	30
1csp	27,6	30
1csp	17,50	30
1csp	48,62	30
1csp	20,50	30
1csp	20,57	30
1csp	20,4	30
1csp	33,55	30
1csp	17,58	29
1csp	2,50	29
1csp	31,47	29
1csp	23,51	29
1csp	26,5	29
1csp	24,51	29
1csp	26,62	28
1csp	11,53	28
1csp	6,61	28
1csp	26,6	28
1csp	10,58	28
1csp	52,9	28
1csp	16,55	28
1csp	3,52	28
1csp	56,9	28
1csp	25,61	28
1csp	47,8	28
1csp	3,53	28
1csp	12,47	28
1csp	46,60	27
1csp	23,45	27
1csp	25,60	27
1csp	30,49	27
1csp	4,45	27
1csp	31,52	27
1csp	25,5	27
1csp	31,58	27
1csp	10,56	26
1csp	1,52	26
1csp	56,7	26
1csp	17,46	26
1csp	31,48	26
1csp	10,49	26
1csp	20,51	26
1csp	46,59	26
1csp	31,56	26
1csp	28,4	25
1csp	36,52	25
1csp	2,53	25
1csp	32,48	25
1csp	28,45	25
1csp	15,53	25
1csp	24,45	25
1csp	5,60	25
1csp	22,54	25
1csp	45,59	25
1csp	49,8	25
1csp	26,4	25
1csp	49,62	25
1csp	11,57	25
1csp	24,3	24
1csp	11,52	24
1csp	49,7	24
1csp	21,3	24
1csp	54,8	24
1csp	21,5	24
1csp	20,60	24
1csp	21,62	24
1csp	20,3	24
1csp	49,9	24
1csp	30,53	23
1csp	53,9	23
1csp	31,49	23
1csp	33,47	23
1csp	4,59	23
1csp	46,62	23
1csp	57,8	23
1csp	51,6	23
1csp	22,4	23
1csp	44,57	23
1csp	27,61	23
1csp	27,60	23
1csp	33,52	22
1csp	48,9	22
1csp	57,7	22
1csp	11,58	22
1csp	18,51	22
1csp	2,28	22
1csp	36,56	22
1csp	19,51	22
1csp	11,48	22
1csp	28,51	22
1csp	5,59	22
1csp	2,52	22
1csp	5,61	22
1csp	27,62	22
1csp	6,60	22
1csp	33,53	22
1csp	53,66	22
1csp	20,5	22
1csp	16,56	21
1csp	29,56	21
1csp	29,50	21
1csp	58,7	21
1csp	11,56	21
1csp	29,54	21
1csp	26,61	21
1csp	21,60	21
1csp	10,48	21
1csp	24,6	21
1csp	20,6	21
1csp	12,52	21
1csp	17,4	21
1csp	28,61	21
1csp	42,55	20
1csp	21,6	20
1csp	29,51	20
1csp	12,49	20
1csp	21,61	20
1csp	15,49	20
1csp	27,4	20
1csp	22,61	20
1csp	32,56	20
1csp	24,5	20
1csp	21,45	20
1csp	12,53	20
1csp	46,68	20
1csp	47,68	20
1csp	46,61	20
1csp	2,26	20
1csp	30,46	20
1csp	25,3	20
1csp	47,9	20
1csp	30,48	19
1csp	28,60	19
1csp	36,58	19
1csp	30,47	19
1csp	22,6	19
1csp	25,62	19
1csp	32,57	19
1csp	2,25	19
1csp	36,62	19
1csp	24,60	19
1csp	33,49	19
1csp	50,8	19
1csp	45,61	19
1csp	1,50	18
1csp	16,53	18
1csp	12,58	18
1csp	23,62	18
1csp	26,60	18
1csp	13,56	18
1csp	4,67	18
1csp	30,52	18
1csp	26,59	18
1csp	15,47	18
1csp	32,58	18
1csp	36,53	18
1csp	31,46	18
1csp	2,60	18
1csp	20,45	18
1csp	52,68	18
1csp	59,6	18
1csp	29,57	17
1csp	27,59	17
1csp	54,9	17
1csp	30,58	17
1csp	10,46	17
1csp	13,47	17
1csp	13,46	17
1csp	13,53	17
1csp	28,62	17
1csp	23,44	17
1csp	3,32	17
1csp	27,44	17
1csp	6,67	17
1csp	13,49	17
1csp	11,50	17
1csp	23,5	17
1csp	28,3	17
1csp	20,62	17
1csp	19,61	17
1csp	15,48	17
1csp	36,49	17
1csp	2,23	17
1csp	1,61	17
1csp	45,6	17
1csp	53,67	17
1csp	17,59	17
1csp	17,51	17
1csp	54,68	17
1csp	52,7	17
1csp	19,6	17
1csp	32,6	17
1csp	18,45	17
1csp	5,51	17
1csp	25,59	16
1csp	53,69	16
1csp	26,45	16
1csp	10,57	16
1csp	14,53	16
1csp	48,7	16
1csp	5,67	16
1csp	3,50	16
1csp	12,57	16
1csp	12,54	16
1csp	23,6	16
1csp	23,60	16
1csp	33,46	16
1csp	3,61	16
1csp	2,27	16
1csp	58,9	16
1csp	57,9	16
1csp	45,5	16
1csp	46,69	16
1csp	19,5	16
1csp	12,46	16
1csp	43,58	16
1csp	24,59	16
1csp	49,68	16
1csp	13,52	16
1csp	20,59	16
1csp	22,45	15
1csp	45,60	15
1csp	34,55	15
1csp	26,8	15
1csp	15,56	15
1csp	29,5	15
1csp	36,59	15
1csp	25,63	15
1csp	45,62	15
1csp	31,50	15
1csp	13,48	15
1csp	20,44	15
1csp	12,56	15
1csp	20,61	15
1csp	2,20	15
1csp	31,57	15
1csp	24,62	15
1csp	48,69	15
1csp	14,52	15
1csp	28,59	15
1csp	2,61	15
1csp	33,48	15
1csp	30,56	15
1csp	43,57	15
1csp	11,51	15
1csp	56,69	14
1csp	51,8	14
1csp	37,51	14
1csp	16,49	14
1csp	28,67	14
1csp	22,8	14
1csp	1,28	14
1csp	15,52	14
1csp	21,59	14
1csp	49,69	14
1csp	26,3	14
1csp	10,50	14
1csp	13,50	14
1csp	36,61	14
1csp	22,5	14
1csp	32,46	14
1csp	1,26	14
1csp	3,59	13
1csp	3,51	13
1csp	23,66	13
1csp	36,4	13
1csp	24,61	13
1csp	27,8	13
1csp	13,45	13
1csp	32,50	13
1csp	32,5	13
1csp	42,58	13
1csp	18,3	13
1csp	47,69	13
1csp	11,54	13
1csp	16,44	13
1csp	26,44	13
1csp	14,47	13
1csp	14,49	13
1csp	23,61	13
1csp	16,46	13
1csp	36,64	13
1csp	2,51	13
1csp	36,50	13
1csp	50,68	13
1csp	23,59	13
1csp	1,25	13
1csp	2,59	13
1csp	18,59	12
1csp	15,58	12
1csp	61,8	12
1csp	43,56	12
1csp	51,9	12
1csp	11,25	12
1csp	46,8	12
1csp	44,59	12
1csp	25,44	12
1csp	19,3	12
1csp	6,66	12
1csp	29,6	12
1csp	40,55	12
1csp	11,46	12
1csp	47,7	12
1csp	52,67	12
1csp	14,46	12
1csp	3,62	12
1csp	22,51	12
1csp	50,9	12
1csp	31,54	12
1csp	19,62	12
1csp	33,58	12
1csp	12,48	12
1csp	21,44	12
1csp	32,54	12
1csp	10,47	11
1csp	30,51	11
1csp	18,5	11
1csp	30,5	11
1csp	22,62	11
1csp	25,8	11
1csp	25,64	11
1csp	36,57	11
1csp	30,54	11
1csp	33,4	11
1csp	22,60	11
1csp	33,51	11
1csp	59,7	11
1csp	4,66	11
1csp	50,69	11
1csp	6,63	11
1csp	28,44	11
1csp	17,3	11
1csp	32,51	11
1csp	27,63	11
1csp	1,59	11
1csp	41,55	11
1csp	10,51	11
1csp	30,50	11
1csp	3,60	11
1csp	34,48	11
1csp	29,62	11
1csp	24,44	11
1csp	5,62	11
1csp	3,45	11
1csp	19,59	11
1csp	2,21	11
1csp	12,45	11
1csp	10,45	11
1csp	44,62	11
1csp	31,59	10
1csp	45,9	10
1csp	15,54	10
1csp	36,65	10
1csp	33,50	10
1csp	30,57	10
1csp	27,68	10
1csp	1,21	10
1csp	14,48	10
1csp	51,68	10
1csp	27,3	10
1csp	14,44	10
1csp	35,55	10
1csp	20,63	10
1csp	11,28	10
1csp	38,52	10
1csp	31,51	10
1csp	45,68	10
1csp	14,56	10
1csp	2,24	10
1csp	33,6	10
1csp	2,32	10
1csp	17,45	10
1csp	46,63	10
1csp	25,67	10
1csp	10,54	10
1csp	29,45	10
1csp	5,63	10
1csp	2,22	10
1csp	17,62	9
1csp	62,8	9
1csp	36,51	9
1csp	19,60	9
1csp	10,59	9
1csp	20,67	9
1csp	4,68	9
1csp	46,66	9
1csp	35,53	9
1csp	1,32	9
1csp	1,62	9
1csp	1,45	9
1csp	11,45	9
1csp	11,44	9
1csp	14,58	9
1csp	46,7	9
1csp	23,8	9
1csp	32,8	9
1csp	48,68	9
1csp	19,45	9
1csp	27,67	9
1csp	47,63	9
1csp	27,66	9
1csp	27,65	9
1csp	16,50	9
1csp	18,4	9
1csp	33,56	9
1csp	41,58	9
1csp	26,67	9
1csp	29,59	9
1csp	36,54	9
1csp	3,67	8
1csp	1,60	8
1csp	4,64	8
1csp	34,56	8
1csp	28,8	8
1csp	30,4	8
1csp	4,65	8
1csp	45,8	8
1csp	34,47	8
1csp	1,51	8
1csp	37,50	8
1csp	36,5	8
1csp	4,62	8
1csp	36,63	8
1csp	33,54	8
1csp	29,60	8
1csp	28,9	8
1csp	36,67	8
1csp	52,65	8
1csp	13,58	8
1csp	2,66	8
1csp	25,43	8
1csp	15,46	8
1csp	16,47	8
1csp	13,60	8
1csp	53,7	8
1csp	12,50	8
1csp	12,51	8
1csp	18,61	8
1csp	23,7	8
1csp	25,68	8
1csp	15,50	8
1csp	14,57	8
1csp	2,62	8
1csp	25,66	8
1csp	2,67	8
1csp	13,57	8
1csp	20,66	8
1csp	21,67	8
1csp	31,45	7
1csp	25,65	7
1csp	5,64	7
1csp	15,45	7
1csp	31,61	7
1csp	29,61	7
1csp	17,61	7
1csp	38,58	7
1csp	52,69	7
1csp	34,52	7
1csp	4,63	7
1csp	16,52	7
1csp	14,45	7
1csp	15,28	7
1csp	52,66	7
1csp	31,4	7
1csp	21,8	7
1csp	22,44	7
1csp	30,6	7
1csp	13,44	7
1csp	22,59	7
1csp	33,57	7
1csp	48,65	7
1csp	1,23	7
1csp	14,50	7
1csp	33,61	7
1csp	27,9	7
1csp	44,8	7
1csp	46,9	7
1csp	11,24	7
1csp	18,62	7
1csp	6,68	7
1csp	26,63	7
1csp	11,27	7
1csp	28,68	7
1csp	61,7	7
1csp	11,59	7
1csp	26,7	7
1csp	47,64	7
1csp	42,56	7
1csp	43,62	6
1csp	32,7	6
1csp	22,67	6
1csp	10,32	6
1csp	6,62	6
1csp	41,5	6
1csp	31,5	6
1csp	49,63	6
1csp	27,7	6
1csp	36,66	6
1csp	50,67	6
1csp	27,43	6
1csp	1,27	6
1csp	33,5	6
1csp	2,65	6
1csp	18,44	6
1csp	11,26	6
1csp	50,66	6
1csp	31,44	6
1csp	20,68	6
1csp	21,68	6
1csp	45,7	6
1csp	21,7	6
1csp	10,62	6
1csp	36,68	6
1csp	6,65	6
1csp	60,9	6
1csp	49,65	6
1csp	32,45	6
1csp	60,8	6
1csp	61,9	6
1csp	31,67	6
1csp	39,58	6
1csp	30,59	6
1csp	25,69	6
1csp	1,66	6
1csp	12,44	6
1csp	34,57	6
1csp	16,45	6
1csp	29,3	6
1csp	16,48	6
1csp	44,60	6
1csp	15,51	6
1csp	5,66	6
1csp	12,25	6
1csp	1,67	6
1csp	40,53	6
1csp	68,8	6
1csp	59,9	6
1csp	10,44	6
1csp	24,43	6
1csp	2,45	6
1csp	33,59	6
1csp	17,44	6
1csp	45,63	6
1csp	24,8	6
1csp	36,60	6
1csp	50,7	6
1csp	35,58	5
1csp	35,56	5
1csp	31,60	5
1csp	19,44	5
1csp	31,6	5
1csp	37,8	5
1csp	19,32	5
1csp	36,9	5
1csp	38,51	5
1csp	10,25	5
1csp	44,5	5
1csp	45,67	5
1csp	17,60	5
1csp	19,2	5
1csp	44,9	5
1csp	49,67	5
1csp	34,49	5
1csp	19,63	5
1csp	20,65	5
1csp	33,62	5
1csp	32,60	5
1csp	32,9	5
1csp	18,60	5
1csp	2,64	5
1csp	50,63	5
1csp	14,54	5
1csp	18,32	5
1csp	16,54	5
1csp	59,8	5
1csp	11,61	5
1csp	29,44	5
1csp	26,43	5
1csp	24,66	5
1csp	1,29	5
1csp	25,9	5
1csp	25,7	5
1csp	11,62	5
1csp	23,43	5
1csp	42,57	5
1csp	30,45	5
1csp	51,66	5
1csp	47,67	5
1csp	16,59	5
1csp	6,69	5
1csp	3,31	5
1csp	24,67	5
1csp	3,36	5
1csp	11,60	5
1csp	24,64	5
1csp	27,64	5
1csp	30,8	5
1csp	11,32	5
1csp	6,64	5
1csp	26,68	5
1csp	10,61	5
1csp	22,43	5
1csp	16,35	4
1csp	24,9	4
1csp	44,6	4
1csp	35,49	4
1csp	34,62	4
1csp	15,35	4
1csp	29,66	4
1csp	37,52	4
1csp	15,43	4
1csp	51,69	4
1csp	34,58	4
1csp	24,7	4
1csp	42,7	4
1csp	43,61	4
1csp	34,53	4
1csp	18,2	4
1csp	35,52	4
1csp	12,36	4
1csp	15,44	4
1csp	40,58	4
1csp	28,69	4
1csp	26,65	4
1csp	18,68	4
1csp	5,68	4
1csp	36,6	4
1csp	29,4	4
1csp	5,65	4
1csp	43,5	4
1csp	28,66	4
1csp	26,9	4
1csp	50,65	4
1csp	36,69	4
1csp	11,30	4
1csp	36,8	4
1csp	11,33	4
1csp	12,28	4
1csp	47,66	4
1csp	13,54	4
1csp	51,64	4
1csp	45,66	4
1csp	21,36	4
1csp	20,33	4
1csp	20,36	4
1csp	23,42	4
1csp	21,43	4
1csp	31,8	4
1csp	49,64	4
1csp	32,62	4
1csp	24,65	4
1csp	12,62	4
1csp	20,43	4
1csp	32,59	4
1csp	48,64	4
1csp	17,32	4
1csp	4,43	4
1csp	13,42	4
1csp	17,2	4
1csp	20,7	4
1csp	67,8	4
1csp	1,33	4
1csp	16,61	4
1csp	1,20	4
1csp	19,67	4
1csp	10,36	4
1csp	16,57	4
1csp	2,36	4
1csp	12,41	4
1csp	23,68	4
1csp	1,19	4
1csp	16,58	4
1csp	23,63	4
1csp	21,66	4
1csp	3,66	4
1csp	14,51	4
1csp	46,64	4
1csp	49,66	4
1csp	1,22	4
1csp	18,31	4
1csp	16,3	3
1csp	17,30	3
1csp	41,6	3
1csp	10,23	3
1csp	10,26	3
1csp	41,56	3
1csp	63,7	3
1csp	68,7	3
1csp	67,9	3
1csp	63,8	3
1csp	40,56	3
1csp	16,37	3
1csp	15,59	3
1csp	15,62	3
1csp	15,67	3
1csp	51,7	3
1csp	37,9	3
1csp	1,24	3
1csp	51,65	3
1csp	4,69	3
1csp	17,43	3
1csp	17,37	3
1csp	17,33	3
1csp	17,66	3
1csp	42,65	3
1csp	4,44	3
1csp	42,62	3
1csp	65,9	3
1csp	2,68	3
1csp	43,59	3
1csp	23,37	3
1csp	14,28	3
1csp	12,27	3
1csp	13,62	3
1csp	29,63	3
1csp	21,69	3
1csp	30,9	3
1csp	22,36	3
1csp	30,65	3
1csp	29,68	3
1csp	13,43	3
1csp	22,63	3
1csp	22,66	3
1csp	22,69	3
1csp	48,63	3
1csp	30,44	3
1csp	3,33	3
1csp	13,26	3
1csp	12,65	3
1csp	3,68	3
1csp	29,7	3
1csp	12,61	3
1csp	12,60	3
1csp	3,63	3
1csp	12,59	3
1csp	23,65	3
1csp	23,67	3
1csp	12,43	3
1csp	12,42	3
1csp	24,63	3
1csp	29,9	3
1csp	54,7	3
1csp	28,65	3
1csp	28,63	3
1csp	26,66	3
1csp	28,42	3
1csp	18,33	3
1csp	36,7	3
1csp	11,35	3
1csp	11,36	3
1csp	11,43	3
1csp	18,67	3
1csp	35,7	3
1csp	43,8	3
1csp	35,48	3
1csp	44,61	3
1csp	10,63	3
1csp	14,35	3
1csp	24,68	3
1csp	26,64	3
1csp	54,67	3
1csp	15,31	3
1csp	10,31	3
1csp	2,29	3
1csp	2,31	3
1csp	14,60	3
1csp	54,69	3
1csp	15,32	3
1csp	2,41	3
1csp	20,42	3
1csp	45,64	3
1csp	45,65	3
1csp	47,65	2
1csp	41,63	2
1csp	41,68	2
1csp	41,69	2
1csp	41,9	2
1csp	60,7	2
1csp	46,67	2
1csp	42,8	2
1csp	43,60	2
1csp	50,64	2
1csp	62,7	2
1csp	5,69	2
1csp	43,66	2
1csp	62,9	2
1csp	43,68	2
1csp	44,68	2
1csp	44,69	2
1csp	46,65	2
1csp	44,7	2
1csp	42,59	2
1csp	45,69	2
1csp	64,7	2
1csp	64,8	2
1csp	66,7	2
1csp	43,6	2
1csp	51,67	2
1csp	41,59	2
1csp	69,8	2
1csp	41,57	2
1csp	12,67	2
1csp	14,62	2
1csp	14,61	2
1csp	14,59	2
1csp	27,41	2
1csp	27,69	2
1csp	28,43	2
1csp	28,64	2
1csp	28,7	2
1csp	29,43	2
1csp	14,43	2
1csp	29,67	2
1csp	3,30	2
1csp	3,43	2
1csp	14,37	2
1csp	3,64	2
1csp	3,69	2
1csp	14,32	2
1csp	18,66	2
1csp	30,66	2
1csp	13,63	2
1csp	30,68	2
1csp	13,59	2
1csp	31,66	2
1csp	13,36	2
1csp	13,33	2
1csp	15,36	2
1csp	24,69	2
1csp	15,37	2
1csp	17,36	2
1csp	18,38	2
1csp	19,42	2
1csp	19,65	2
1csp	19,66	2
1csp	19,68	2
1csp	18,36	2
1csp	2,30	2
1csp	2,33	2
1csp	2,37	2
1csp	2,38	2
1csp	2,43	2
1csp	41,54	2
1csp	15,57	2
1csp	20,69	2
1csp	21,63	2
1csp	21,64	2
1csp	16,36	2
1csp	22,65	2
1csp	22,68	2
1csp	16,2	2
1csp	15,66	2
1csp	22,9	2
1csp	23,36	2
1csp	15,61	2
1csp	13,28	2
1csp	30,60	2
1csp	11,42	2
1csp	10,67	2
1csp	11,65	2
1csp	11,63	2
1csp	1,44	2
1csp	11,31	2
1csp	11,29	2
1csp	35,8	2
1csp	1,37	2
1csp	12,26	2
1csp	10,42	2
1csp	37,54	2
1csp	33,8	2
1csp	37,58	2
1csp	1,39	2
1csp	10,24	2
1csp	1,36	2
1csp	39,52	2
1csp	12,29	2
1csp	34,60	2
1csp	12,66	2
1csp	1,17	2
1csp	40,7	2
1csp	12,38	2
1csp	34,51	2
1csp	12,35	2
1csp	12,63	2
1csp	40,6	2
1csp	12,32	2
1csp	1,31	1
1csp	1,38	1
1csp	16,42	1
1csp	16,43	1
1csp	16,51	1
1csp	1,43	1
1csp	18,43	1
1csp	18,42	1
1csp	16,60	1
1csp	16,62	1
1csp	67,7	1
1csp	68,9	1
1csp	16,63	1
1csp	16,67	1
1csp	17,65	1
1csp	17,31	1
1csp	64,9	1
1csp	65,8	1
1csp	17,38	1
1csp	1,34	1
1csp	17,68	1
1csp	17,64	1
1csp	66,9	1
1csp	1,30	1
1csp	17,67	1
1csp	13,27	1
1csp	15,40	1
1csp	16,29	1
1csp	11,41	1
1csp	13,29	1
1csp	13,32	1
1csp	13,35	1
1csp	13,37	1
1csp	13,51	1
1csp	13,61	1
1csp	12,33	1
1csp	13,67	1
1csp	14,36	1
1csp	11,69	1
1csp	11,68	1
1csp	11,66	1
1csp	14,41	1
1csp	14,42	1
1csp	10,66	1
1csp	1,64	1
1csp	10,60	1
1csp	14,63	1
1csp	14,67	1
1csp	15,29	1
1csp	15,33	1
1csp	10,41	1
1csp	10,38	1
1csp	10,35	1
1csp	15,60	1
1csp	10,28	1
1csp	10,27	1
1csp	1,69	1
1csp	15,69	1
1csp	1,65	1
1csp	18,63	1
1csp	20,37	1
1csp	18,69	1
1csp	19,35	1
1csp	43,63	1
1csp	35,9	1
1csp	43,69	1
1csp	35,61	1
1csp	43,9	1
1csp	35,60	1
1csp	35,6	1
1csp	35,59	1
1csp	35,57	1
1csp	35,51	1
1csp	35,4	1
1csp	34,8	1
1csp	34,61	1
1csp	44,67	1
1csp	34,6	1
1csp	34,59	1
1csp	34,5	1
1csp	34,4	1
1csp	33,9	1
1csp	33,7	1
1csp	33,69	1
1csp	33,66	1
1csp	33,64	1
1csp	37,5	1
1csp	37,53	1
1csp	37,55	1
1csp	4,41	1
1csp	41,60	1
1csp	41,62	1
1csp	41,67	1
1csp	40,60	1
1csp	41,8	1
1csp	40,57	1
1csp	42,5	1
1csp	40,54	1
1csp	40,5	1
1csp	4,42	1
1csp	39,55	1
1csp	37,56	1
1csp	42,6	1
1csp	42,60	1
1csp	42,61	1
1csp	38,8	1
1csp	38,6	1
1csp	38,56	1
1csp	42,9	1
1csp	37,7	1
1csp	37,6	1
1csp	37,57	1
1csp	33,60	1
1csp	32,68	1
1csp	32,64	1
1csp	20,64	1
1csp	48,66	1
1csp	48,67	1
1csp	22,64	1
1csp	22,42	1
1csp	22,37	1
1csp	22,35	1
1csp	21,65	1
1csp	21,42	1
1csp	21,41	1
1csp	21,34	1
1csp	20,38	1
1csp	23,64	1
1csp	2,69	1
1csp	2,63	1
1csp	2,44	1
1csp	2,42	1
1csp	2,39	1
1csp	2,35	1
1csp	19,69	1
1csp	19,41	1
1csp	19,37	1
1csp	19,36	1
1csp	22,7	1
1csp	23,69	1
1csp	32,61	1
1csp	29,69	1
1csp	31,9	1
1csp	31,68	1
1csp	31,62	1
1csp	30,7	1
1csp	30,67	1
1csp	30,64	1
1csp	30,43	1
1csp	3,65	1
1csp	3,44	1
1csp	3,37	1
1csp	29,64	1
1csp	23,9	1
1csp	1,16	1
1csp	26,42	1
1csp	26,41	1
1csp	26,40	1
1csp	25,42	1
1csp	25,41	1
1csp	25,40	1
1csp	25,38	1
1csp	24,42	1
1csp	24,41	1
1csp	1,15	1
