protein	pair	frequency
1hhp	38,79	335
1hhp	39,79	314
1hhp	39,80	310
1hhp	38,80	304
1hhp	37,79	303
1hhp	38,78	302
1hhp	39,78	301
1hhp	40,80	298
1hhp	37,78	292
1hhp	38,86	289
1hhp	59,86	279
1hhp	61,86	274
1hhp	40,86	273
1hhp	62,86	272
1hhp	60,86	271
1hhp	38,77	270
1hhp	56,86	267
1hhp	38,87	261
1hhp	40,87	256
1hhp	39,86	256
1hhp	37,86	254
1hhp	37,77	252
1hhp	60,80	251
1hhp	61,80	249
1hhp	39,87	249
1hhp	39,77	247
1hhp	58,86	247
1hhp	40,85	246
1hhp	59,80	245
1hhp	38,88	243
1hhp	38,85	240
1hhp	39,85	237
1hhp	37,80	236
1hhp	38,94	236
1hhp	33,80	236
1hhp	40,88	233
1hhp	39,88	232
1hhp	62,87	232
1hhp	62,80	229
1hhp	61,85	227
1hhp	37,85	223
1hhp	44,80	222
1hhp	58,80	222
1hhp	39,94	222
1hhp	37,87	220
1hhp	34,80	218
1hhp	38,83	218
1hhp	59,87	217
1hhp	45,80	217
1hhp	53,80	216
1hhp	42,80	213
1hhp	59,85	212
1hhp	56,85	211
1hhp	62,85	211
1hhp	32,80	208
1hhp	56,87	207
1hhp	43,80	206
1hhp	40,89	202
1hhp	35,79	202
1hhp	56,82	200
1hhp	38,89	200
1hhp	35,78	196
1hhp	61,87	196
1hhp	60,85	196
1hhp	57,80	196
1hhp	37,94	195
1hhp	62,88	194
1hhp	59,82	194
1hhp	61,89	194
1hhp	31,80	193
1hhp	37,88	192
1hhp	45,86	192
1hhp	61,83	192
1hhp	60,89	191
1hhp	62,89	191
1hhp	46,80	190
1hhp	60,82	189
1hhp	35,80	189
1hhp	59,89	188
1hhp	43,87	188
1hhp	34,78	186
1hhp	53,86	186
1hhp	38,82	184
1hhp	39,61	184
1hhp	38,75	184
1hhp	57,86	183
1hhp	34,79	181
1hhp	44,86	181
1hhp	44,87	181
1hhp	39,89	181
1hhp	38,57	180
1hhp	40,82	180
1hhp	56,80	179
1hhp	35,77	179
1hhp	38,62	179
1hhp	60,83	179
1hhp	58,85	178
1hhp	59,83	178
1hhp	40,79	177
1hhp	53,87	177
1hhp	40,83	176
1hhp	60,87	175
1hhp	56,89	175
1hhp	33,79	175
1hhp	39,60	174
1hhp	43,86	174
1hhp	38,76	173
1hhp	41,80	173
1hhp	58,89	172
1hhp	62,83	171
1hhp	61,88	170
1hhp	42,86	170
1hhp	44,88	170
1hhp	38,81	169
1hhp	61,82	169
1hhp	79,94	169
1hhp	36,79	168
1hhp	32,79	168
1hhp	39,82	167
1hhp	39,64	167
1hhp	39,57	167
1hhp	45,87	166
1hhp	46,86	166
1hhp	56,88	165
1hhp	33,78	165
1hhp	39,83	164
1hhp	45,85	164
1hhp	56,83	163
1hhp	42,87	163
1hhp	62,82	162
1hhp	4,96	161
1hhp	40,78	161
1hhp	38,61	160
1hhp	3,96	160
1hhp	58,83	160
1hhp	38,60	159
1hhp	58,87	159
1hhp	42,85	159
1hhp	53,88	158
1hhp	39,62	158
1hhp	55,80	156
1hhp	41,87	155
1hhp	38,63	155
1hhp	40,81	155
1hhp	60,81	155
1hhp	53,85	154
1hhp	2,96	154
1hhp	43,85	154
1hhp	44,85	153
1hhp	59,88	153
1hhp	58,82	152
1hhp	43,88	152
1hhp	39,76	151
1hhp	62,81	151
1hhp	20,39	150
1hhp	42,88	150
1hhp	41,86	150
1hhp	61,81	149
1hhp	36,78	149
1hhp	37,83	147
1hhp	38,93	147
1hhp	47,80	146
1hhp	39,63	145
1hhp	46,87	145
1hhp	33,77	145
1hhp	37,89	144
1hhp	39,59	142
1hhp	41,88	141
1hhp	34,77	141
1hhp	38,74	141
1hhp	31,79	140
1hhp	32,78	140
1hhp	38,73	138
1hhp	38,64	138
1hhp	57,85	137
1hhp	21,39	136
1hhp	41,85	136
1hhp	38,59	136
1hhp	59,81	136
1hhp	37,82	135
1hhp	55,86	135
1hhp	40,77	134
1hhp	36,80	134
1hhp	39,93	133
1hhp	1,96	133
1hhp	45,88	133
1hhp	37,76	133
1hhp	39,65	133
1hhp	39,81	133
1hhp	37,57	133
1hhp	36,77	132
1hhp	58,81	132
1hhp	46,85	132
1hhp	10,96	131
1hhp	47,87	129
1hhp	57,87	129
1hhp	55,85	128
1hhp	22,39	128
1hhp	39,75	128
1hhp	55,87	128
1hhp	60,88	128
1hhp	46,88	127
1hhp	26,4	126
1hhp	23,39	126
1hhp	79,93	124
1hhp	68,96	124
1hhp	4,69	124
1hhp	37,75	122
1hhp	5,96	119
1hhp	7,96	118
1hhp	38,65	117
1hhp	56,81	117
1hhp	58,88	117
1hhp	67,96	117
1hhp	37,93	116
1hhp	21,40	115
1hhp	37,62	114
1hhp	20,40	114
1hhp	63,87	114
1hhp	6,96	114
1hhp	57,89	114
1hhp	39,73	112
1hhp	81,94	111
1hhp	63,85	110
1hhp	39,74	109
1hhp	22,40	109
1hhp	4,68	109
1hhp	26,3	109
1hhp	25,96	109
1hhp	63,86	108
1hhp	37,74	108
1hhp	40,94	106
1hhp	57,82	106
1hhp	37,81	106
1hhp	8,96	105
1hhp	3,69	104
1hhp	47,86	103
1hhp	53,89	103
1hhp	32,77	103
1hhp	54,80	103
1hhp	31,78	103
1hhp	23,40	101
1hhp	37,61	100
1hhp	47,85	100
1hhp	50,96	100
1hhp	37,63	99
1hhp	1,26	99
1hhp	37,59	98
1hhp	57,83	98
1hhp	4,97	97
1hhp	1,69	97
1hhp	27,4	96
1hhp	55,88	96
1hhp	21,80	96
1hhp	3,97	96
1hhp	26,96	95
1hhp	21,38	95
1hhp	31,77	95
1hhp	69,96	95
1hhp	38,91	94
1hhp	80,94	94
1hhp	1,68	94
1hhp	11,96	93
1hhp	20,38	92
1hhp	45,89	92
1hhp	63,88	92
1hhp	101,79	92
1hhp	14,80	91
1hhp	26,6	91
1hhp	51,96	90
1hhp	9,96	90
1hhp	38,58	89
1hhp	39,58	89
1hhp	59,94	89
1hhp	13,80	89
1hhp	52,96	89
1hhp	16,80	89
1hhp	37,60	89
1hhp	23,80	88
1hhp	47,88	88
1hhp	62,94	87
1hhp	37,64	87
1hhp	48,80	87
1hhp	37,73	86
1hhp	42,89	85
1hhp	57,88	85
1hhp	54,87	85
1hhp	15,80	84
1hhp	44,89	84
1hhp	49,96	83
1hhp	20,80	83
1hhp	4,70	83
1hhp	57,81	82
1hhp	22,80	82
1hhp	28,80	81
1hhp	10,97	81
1hhp	41,89	81
1hhp	2,26	81
1hhp	31,87	80
1hhp	2,69	80
1hhp	22,38	79
1hhp	63,80	79
1hhp	58,94	79
1hhp	66,96	79
1hhp	23,38	79
1hhp	17,80	77
1hhp	19,39	77
1hhp	1,27	77
1hhp	5,97	75
1hhp	4,99	75
1hhp	4,95	75
1hhp	31,85	74
1hhp	19,80	74
1hhp	14,87	74
1hhp	27,80	74
1hhp	46,89	74
1hhp	27,3	74
1hhp	69,7	74
1hhp	26,7	73
1hhp	4,98	73
1hhp	3,98	73
1hhp	1,97	73
1hhp	60,94	73
1hhp	64,86	73
1hhp	56,94	72
1hhp	26,5	71
1hhp	16,87	70
1hhp	54,85	70
1hhp	25,69	70
1hhp	3,99	70
1hhp	15,87	70
1hhp	7,97	69
1hhp	12,96	69
1hhp	39,91	69
1hhp	54,86	68
1hhp	2,97	68
1hhp	5,69	67
1hhp	61,94	67
1hhp	3,68	67
1hhp	18,80	67
1hhp	1,98	67
1hhp	19,87	67
1hhp	64,87	66
1hhp	67,97	66
1hhp	43,89	66
1hhp	64,85	65
1hhp	27,6	65
1hhp	37,65	65
1hhp	6,69	64
1hhp	6,97	64
1hhp	10,26	64
1hhp	2,68	63
1hhp	4,67	63
1hhp	48,88	62
1hhp	23,86	62
1hhp	13,87	62
1hhp	8,97	61
1hhp	1,70	60
1hhp	48,87	60
1hhp	37,58	60
1hhp	3,95	60
1hhp	6,68	59
1hhp	38,90	58
1hhp	55,89	58
1hhp	4,52	58
1hhp	68,97	57
1hhp	70,96	57
1hhp	18,87	57
1hhp	101,86	57
1hhp	73,87	56
1hhp	1,99	56
1hhp	10,27	55
1hhp	31,86	55
1hhp	1,95	55
1hhp	54,88	55
1hhp	48,85	55
1hhp	68,7	55
1hhp	38,72	54
1hhp	28,96	54
1hhp	27,7	54
1hhp	17,87	54
1hhp	23,87	54
1hhp	15,88	53
1hhp	25,97	53
1hhp	4,71	53
1hhp	48,86	53
1hhp	10,69	53
1hhp	5,68	53
1hhp	4,50	53
1hhp	14,88	53
1hhp	31,46	53
1hhp	19,40	52
1hhp	68,8	52
1hhp	20,87	52
1hhp	4,51	52
1hhp	8,98	52
1hhp	68,98	52
1hhp	80,93	51
1hhp	4,65	51
1hhp	6,99	51
1hhp	5,95	51
1hhp	38,92	51
1hhp	65,96	51
1hhp	2,98	51
1hhp	1,92	51
1hhp	63,89	51
1hhp	14,85	51
1hhp	27,5	51
1hhp	25,98	50
1hhp	6,98	50
1hhp	1,71	50
1hhp	74,87	49
1hhp	23,85	49
1hhp	2,99	49
1hhp	30,80	49
1hhp	3,70	49
1hhp	31,62	49
1hhp	35,86	49
1hhp	32,86	49
1hhp	32,87	49
1hhp	34,87	49
1hhp	33,85	49
1hhp	7,99	49
1hhp	12,26	49
1hhp	16,85	49
1hhp	11,27	49
1hhp	64,96	49
1hhp	66,97	49
1hhp	101,85	49
1hhp	37,91	49
1hhp	11,97	49
1hhp	10,99	48
1hhp	40,93	48
1hhp	10,95	48
1hhp	15,86	48
1hhp	17,96	48
1hhp	32,85	48
1hhp	17,86	48
1hhp	11,26	48
1hhp	10,98	48
1hhp	2,27	48
1hhp	1,52	48
1hhp	9,97	48
1hhp	31,88	47
1hhp	25,4	47
1hhp	69,8	47
1hhp	1,53	47
1hhp	60,93	47
1hhp	1,50	47
1hhp	4,91	47
1hhp	31,76	47
1hhp	18,88	46
1hhp	27,8	46
1hhp	21,86	46
1hhp	62,93	46
1hhp	5,99	46
1hhp	65,87	46
1hhp	30,61	46
1hhp	19,38	45
1hhp	31,75	45
1hhp	18,96	45
1hhp	24,96	45
1hhp	31,59	45
1hhp	3,92	45
1hhp	69,97	45
1hhp	33,86	44
1hhp	16,88	44
1hhp	1,65	44
1hhp	11,98	44
1hhp	7,98	44
1hhp	100,4	44
1hhp	39,72	44
1hhp	64,88	44
1hhp	15,85	43
1hhp	79,95	43
1hhp	4,53	43
1hhp	64,80	43
1hhp	47,89	43
1hhp	4,92	43
1hhp	6,70	43
1hhp	26,97	42
1hhp	13,86	42
1hhp	5,98	42
1hhp	36,88	42
1hhp	12,80	42
1hhp	101,87	42
1hhp	17,88	42
1hhp	73,86	42
1hhp	31,57	41
1hhp	31,63	41
1hhp	26,8	41
1hhp	2,95	41
1hhp	65,86	41
1hhp	100,79	41
1hhp	1,67	41
1hhp	3,65	41
1hhp	25,68	41
1hhp	36,87	40
1hhp	22,87	40
1hhp	12,97	40
1hhp	36,86	40
1hhp	7,95	40
1hhp	14,86	40
1hhp	9,98	40
1hhp	3,67	40
1hhp	8,95	40
1hhp	68,99	40
1hhp	76,89	40
1hhp	23,88	40
1hhp	16,86	40
1hhp	50,6	39
1hhp	67,98	39
1hhp	39,90	39
1hhp	26,9	39
1hhp	33,87	39
1hhp	74,88	39
1hhp	31,61	39
1hhp	13,85	39
1hhp	1,51	39
1hhp	19,88	39
1hhp	31,45	39
1hhp	6,67	39
1hhp	13,88	39
1hhp	39,92	38
1hhp	59,93	38
1hhp	30,62	38
1hhp	8,99	38
1hhp	68,95	38
1hhp	12,27	38
1hhp	7,70	38
1hhp	10,67	37
1hhp	69,9	37
1hhp	56,93	37
1hhp	35,88	37
1hhp	22,86	37
1hhp	31,60	37
1hhp	10,50	37
1hhp	13,96	37
1hhp	27,96	37
1hhp	72,87	37
1hhp	100,3	37
1hhp	61,93	37
1hhp	16,96	36
1hhp	10,100	36
1hhp	2,92	36
1hhp	25,95	36
1hhp	73,88	36
1hhp	72,86	36
1hhp	100,5	36
1hhp	25,99	36
1hhp	5,53	36
1hhp	19,86	36
1hhp	27,9	36
1hhp	71,86	36
1hhp	21,87	36
1hhp	10,52	36
1hhp	57,94	35
1hhp	20,88	35
1hhp	52,97	35
1hhp	37,90	35
1hhp	37,72	35
1hhp	7,92	35
1hhp	70,9	35
1hhp	37,92	35
1hhp	3,71	35
1hhp	30,4	35
1hhp	3,50	35
1hhp	8,92	35
1hhp	10,68	35
1hhp	20,86	34
1hhp	72,85	34
1hhp	70,98	34
1hhp	29,96	34
1hhp	30,60	34
1hhp	17,85	34
1hhp	79,98	34
1hhp	71,87	34
1hhp	1,100	34
1hhp	35,87	34
1hhp	5,70	34
1hhp	25,67	34
1hhp	5,71	33
1hhp	26,68	33
1hhp	12,87	33
1hhp	51,7	33
1hhp	68,9	33
1hhp	1,19	33
1hhp	19,96	33
1hhp	22,88	33
1hhp	2,67	33
1hhp	31,74	33
1hhp	11,95	33
1hhp	100,68	33
1hhp	34,86	33
1hhp	31,73	32
1hhp	4,90	32
1hhp	25,65	32
1hhp	29,80	32
1hhp	65,7	32
1hhp	50,8	32
1hhp	67,99	32
1hhp	9,99	32
1hhp	18,86	32
1hhp	30,59	31
1hhp	30,63	31
1hhp	86,99	31
1hhp	49,97	31
1hhp	34,85	31
1hhp	19,3	31
1hhp	67,95	31
1hhp	32,88	31
1hhp	51,97	31
1hhp	55,96	30
1hhp	19,4	30
1hhp	30,57	30
1hhp	34,88	30
1hhp	71,85	30
1hhp	100,85	30
1hhp	25,50	30
1hhp	10,70	30
1hhp	67,7	30
1hhp	31,47	30
1hhp	2,65	30
1hhp	50,97	30
1hhp	6,65	30
1hhp	18,85	30
1hhp	35,85	29
1hhp	11,92	29
1hhp	36,85	29
1hhp	5,52	29
1hhp	9,95	29
1hhp	1,25	29
1hhp	19,5	29
1hhp	11,69	29
1hhp	101,84	29
1hhp	31,48	29
1hhp	69,92	29
1hhp	3,53	29
1hhp	51,6	29
1hhp	70,87	29
1hhp	33,88	28
1hhp	100,2	28
1hhp	54,89	28
1hhp	12,98	28
1hhp	20,85	27
1hhp	10,51	27
1hhp	26,69	27
1hhp	25,53	27
1hhp	12,50	27
1hhp	70,97	27
1hhp	19,85	27
1hhp	5,67	27
1hhp	2,70	27
1hhp	11,53	27
1hhp	65,8	27
1hhp	39,84	27
1hhp	69,98	26
1hhp	15,96	26
1hhp	79,99	26
1hhp	25,3	26
1hhp	2,71	26
1hhp	21,96	26
1hhp	70,8	26
1hhp	58,93	26
1hhp	100,87	26
1hhp	66,98	26
1hhp	53,8	26
1hhp	29,4	26
1hhp	65,85	26
1hhp	6,71	26
1hhp	100,67	25
1hhp	31,64	25
1hhp	65,88	25
1hhp	10,92	25
1hhp	10,53	25
1hhp	70,86	25
1hhp	11,65	25
1hhp	1,90	25
1hhp	31,44	25
1hhp	25,71	25
1hhp	3,51	25
1hhp	30,58	25
1hhp	26,95	25
1hhp	12,92	24
1hhp	61,84	24
1hhp	12,99	24
1hhp	71,88	24
1hhp	72,88	24
1hhp	23,96	24
1hhp	22,96	24
1hhp	38,84	24
1hhp	25,5	24
1hhp	70,85	24
1hhp	52,7	24
1hhp	25,6	24
1hhp	64,89	24
1hhp	6,95	24
1hhp	100,6	24
1hhp	5,51	23
1hhp	2,25	23
1hhp	24,97	23
1hhp	14,96	23
1hhp	50,7	23
1hhp	100,11	23
1hhp	68,92	23
1hhp	32,75	23
1hhp	6,92	23
1hhp	75,88	23
1hhp	32,61	23
1hhp	10,91	23
1hhp	32,59	23
1hhp	79,97	23
1hhp	100,7	23
1hhp	53,6	23
1hhp	3,91	23
1hhp	100,86	23
1hhp	56,84	23
1hhp	20,6	22
1hhp	7,71	22
1hhp	70,88	22
1hhp	1,72	22
1hhp	2,91	22
1hhp	69,99	22
1hhp	4,66	22
1hhp	25,7	22
1hhp	5,92	22
1hhp	20,4	22
1hhp	12,88	22
1hhp	2,53	22
1hhp	1,18	22
1hhp	79,92	22
1hhp	100,25	22
1hhp	63,96	22
1hhp	21,85	22
1hhp	11,99	22
1hhp	1,91	22
1hhp	62,84	21
1hhp	3,66	21
1hhp	100,66	21
1hhp	53,7	21
1hhp	29,3	21
1hhp	1,30	21
1hhp	20,3	21
1hhp	52,6	21
1hhp	7,90	21
1hhp	71,8	21
1hhp	25,92	20
1hhp	3,64	20
1hhp	18,4	20
1hhp	64,98	20
1hhp	3,52	20
1hhp	12,52	20
1hhp	32,47	20
1hhp	84,97	20
1hhp	11,67	20
1hhp	20,5	20
1hhp	100,8	20
1hhp	66,92	20
1hhp	29,92	20
1hhp	67,92	20
1hhp	69,95	20
1hhp	5,50	20
1hhp	49,95	20
1hhp	60,84	20
1hhp	24,4	20
1hhp	5,91	20
1hhp	20,7	20
1hhp	12,70	20
1hhp	26,99	20
1hhp	30,8	20
1hhp	5,65	20
1hhp	32,46	20
1hhp	31,58	19
1hhp	64,95	19
1hhp	65,9	19
1hhp	67,8	19
1hhp	29,6	19
1hhp	50,98	19
1hhp	50,9	19
1hhp	32,45	19
1hhp	3,90	19
1hhp	71,96	19
1hhp	12,86	19
1hhp	79,96	19
1hhp	32,74	19
1hhp	11,68	19
1hhp	25,70	19
1hhp	4,64	19
1hhp	11,70	19
1hhp	24,68	18
1hhp	3,30	18
1hhp	23,4	18
1hhp	26,98	18
1hhp	24,7	18
1hhp	21,88	18
1hhp	68,91	18
1hhp	49,99	18
1hhp	32,62	18
1hhp	1,20	18
1hhp	100,26	18
1hhp	12,25	18
1hhp	12,95	18
1hhp	10,65	18
1hhp	85,99	18
1hhp	28,4	18
1hhp	52,95	18
1hhp	10,25	18
1hhp	10,90	18
1hhp	7,91	18
1hhp	4,55	18
1hhp	25,51	18
1hhp	25,91	18
1hhp	52,8	17
1hhp	1,66	17
1hhp	32,76	17
1hhp	30,6	17
1hhp	64,97	17
1hhp	42,96	17
1hhp	66,7	17
1hhp	67,9	17
1hhp	54,96	17
1hhp	100,84	17
1hhp	5,66	17
1hhp	47,96	17
1hhp	32,60	17
1hhp	28,3	17
1hhp	40,84	17
1hhp	6,91	17
1hhp	51,9	17
1hhp	52,69	17
1hhp	12,68	17
1hhp	57,84	17
1hhp	20,96	17
1hhp	30,96	17
1hhp	13,26	17
1hhp	58,84	16
1hhp	52,9	16
1hhp	85,98	16
1hhp	32,48	16
1hhp	49,69	16
1hhp	1,14	16
1hhp	30,5	16
1hhp	59,84	16
1hhp	48,96	16
1hhp	10,55	16
1hhp	26,70	16
1hhp	32,57	16
1hhp	1,28	16
1hhp	32,63	16
1hhp	9,92	16
1hhp	2,50	16
1hhp	1,29	16
1hhp	71,9	16
1hhp	65,97	15
1hhp	52,98	15
1hhp	10,28	15
1hhp	30,7	15
1hhp	11,71	15
1hhp	84,98	15
1hhp	51,95	15
1hhp	57,93	15
1hhp	22,4	15
1hhp	26,67	15
1hhp	25,52	15
1hhp	49,92	15
1hhp	57,96	15
1hhp	2,30	15
1hhp	25,9	14
1hhp	18,40	14
1hhp	66,99	14
1hhp	24,95	14
1hhp	26,92	14
1hhp	100,9	14
1hhp	19,6	14
1hhp	12,53	14
1hhp	26,71	14
1hhp	31,94	14
1hhp	51,92	14
1hhp	33,61	14
1hhp	17,4	14
1hhp	70,95	14
1hhp	5,90	14
1hhp	29,5	14
1hhp	18,38	14
1hhp	19,32	14
1hhp	12,69	14
1hhp	18,3	14
1hhp	2,51	14
1hhp	18,97	14
1hhp	74,96	14
1hhp	24,3	14
1hhp	24,69	14
1hhp	28,92	14
1hhp	51,69	14
1hhp	27,92	14
1hhp	1,93	14
1hhp	64,99	14
1hhp	9,90	14
1hhp	22,85	13
1hhp	2,29	13
1hhp	3,72	13
1hhp	46,96	13
1hhp	18,5	13
1hhp	11,50	13
1hhp	29,97	13
1hhp	64,92	13
1hhp	66,8	13
1hhp	1,64	13
1hhp	51,98	13
1hhp	20,33	13
1hhp	29,7	13
1hhp	25,93	13
1hhp	50,95	13
1hhp	33,47	13
1hhp	24,98	13
1hhp	11,52	13
1hhp	55,9	13
1hhp	32,94	13
1hhp	4,72	13
1hhp	55,7	12
1hhp	24,71	12
1hhp	50,92	12
1hhp	69,91	12
1hhp	10,72	12
1hhp	49,98	12
1hhp	64,90	12
1hhp	5,55	12
1hhp	71,92	12
1hhp	11,30	12
1hhp	17,97	12
1hhp	18,95	12
1hhp	12,51	12
1hhp	24,99	12
1hhp	25,66	12
1hhp	4,93	12
1hhp	73,96	12
1hhp	51,99	12
1hhp	100,69	12
1hhp	8,91	12
1hhp	101,7	12
1hhp	84,99	12
1hhp	10,30	12
1hhp	23,7	12
1hhp	12,28	12
1hhp	31,72	12
1hhp	33,64	12
1hhp	49,65	12
1hhp	67,90	12
1hhp	11,25	11
1hhp	33,63	11
1hhp	2,20	11
1hhp	10,71	11
1hhp	19,98	11
1hhp	32,73	11
1hhp	43,96	11
1hhp	33,74	11
1hhp	100,70	11
1hhp	30,9	11
1hhp	6,90	11
1hhp	19,65	11
1hhp	25,90	11
1hhp	2,66	11
1hhp	2,52	11
1hhp	83,96	11
1hhp	12,65	11
1hhp	8,90	11
1hhp	26,50	11
1hhp	52,92	11
1hhp	27,95	11
1hhp	25,8	11
1hhp	12,85	11
1hhp	52,99	11
1hhp	2,90	11
1hhp	23,6	11
1hhp	1,16	11
1hhp	37,84	11
1hhp	51,65	10
1hhp	4,48	10
1hhp	28,7	10
1hhp	19,95	10
1hhp	11,91	10
1hhp	49,68	10
1hhp	1,24	10
1hhp	19,97	10
1hhp	33,57	10
1hhp	32,65	10
1hhp	31,93	10
1hhp	44,96	10
1hhp	1,17	10
1hhp	25,55	10
1hhp	27,97	10
1hhp	9,91	10
1hhp	72,92	10
1hhp	21,5	10
1hhp	26,65	10
1hhp	65,99	10
1hhp	70,92	10
1hhp	21,4	10
1hhp	25,58	10
1hhp	50,69	9
1hhp	26,90	9
1hhp	28,5	9
1hhp	22,99	9
1hhp	31,89	9
1hhp	33,48	9
1hhp	101,4	9
1hhp	23,3	9
1hhp	7,93	9
1hhp	4,57	9
1hhp	6,93	9
1hhp	1,56	9
1hhp	100,12	9
1hhp	5,64	9
1hhp	1,55	9
1hhp	19,69	9
1hhp	6,64	9
1hhp	1,49	9
1hhp	2,56	9
1hhp	6,66	9
1hhp	21,8	9
1hhp	53,96	9
1hhp	53,9	9
1hhp	18,98	9
1hhp	65,98	9
1hhp	11,51	9
1hhp	63,97	9
1hhp	29,95	9
1hhp	24,6	9
1hhp	29,8	9
1hhp	32,93	9
1hhp	52,71	9
1hhp	12,30	9
1hhp	71,97	9
1hhp	66,95	9
1hhp	100,64	9
1hhp	21,34	9
1hhp	28,95	9
1hhp	28,6	9
1hhp	4,73	9
1hhp	22,7	9
1hhp	28,50	9
1hhp	32,64	9
1hhp	31,65	9
1hhp	68,90	9
1hhp	12,91	9
1hhp	2,55	9
1hhp	70,99	9
1hhp	23,69	8
1hhp	42,78	8
1hhp	1,23	8
1hhp	33,60	8
1hhp	33,62	8
1hhp	12,67	8
1hhp	12,29	8
1hhp	45,96	8
1hhp	18,92	8
1hhp	6,72	8
1hhp	18,99	8
1hhp	33,89	8
1hhp	58,96	8
1hhp	12,90	8
1hhp	64,7	8
1hhp	56,7	8
1hhp	66,90	8
1hhp	29,91	8
1hhp	29,98	8
1hhp	10,42	8
1hhp	17,98	8
1hhp	23,98	8
1hhp	51,8	8
1hhp	101,5	8
1hhp	64,91	8
1hhp	18,69	8
1hhp	2,64	8
1hhp	5,93	8
1hhp	2,93	8
1hhp	10,93	8
1hhp	7,72	8
1hhp	26,52	8
1hhp	3,93	8
1hhp	1,58	8
1hhp	2,28	8
1hhp	11,29	8
1hhp	100,18	8
1hhp	24,70	8
1hhp	64,8	8
1hhp	4,94	8
1hhp	3,94	8
1hhp	63,92	8
1hhp	18,39	7
1hhp	45,78	7
1hhp	54,98	7
1hhp	55,6	7
1hhp	35,57	7
1hhp	36,96	7
1hhp	52,70	7
1hhp	16,92	7
1hhp	52,68	7
1hhp	52,67	7
1hhp	52,65	7
1hhp	51,91	7
1hhp	14,97	7
1hhp	21,6	7
1hhp	11,66	7
1hhp	12,72	7
1hhp	11,72	7
1hhp	49,67	7
1hhp	49,90	7
1hhp	4,56	7
1hhp	33,75	7
1hhp	10,29	7
1hhp	25,48	7
1hhp	33,46	7
1hhp	2,72	7
1hhp	26,91	7
1hhp	29,68	7
1hhp	73,92	7
1hhp	25,64	7
1hhp	63,98	7
1hhp	32,58	7
1hhp	33,59	7
1hhp	27,65	7
1hhp	27,66	7
1hhp	71,98	7
1hhp	28,97	7
1hhp	71,95	7
1hhp	27,99	7
1hhp	10,64	7
1hhp	29,70	7
1hhp	10,66	7
1hhp	3,56	7
1hhp	29,99	7
1hhp	9,93	7
1hhp	23,78	7
1hhp	1,42	7
1hhp	19,2	7
1hhp	20,78	7
1hhp	65,95	7
1hhp	75,96	7
1hhp	1,15	7
1hhp	33,73	7
1hhp	72,96	6
1hhp	11,90	6
1hhp	56,6	6
1hhp	28,69	6
1hhp	41,96	6
1hhp	36,89	6
1hhp	28,8	6
1hhp	18,65	6
1hhp	10,56	6
1hhp	24,8	6
1hhp	20,95	6
1hhp	72,9	6
1hhp	37,4	6
1hhp	12,71	6
1hhp	55,8	6
1hhp	3,73	6
1hhp	65,92	6
1hhp	3,58	6
1hhp	24,65	6
1hhp	63,95	6
1hhp	2,22	6
1hhp	54,99	6
1hhp	24,50	6
1hhp	2,23	6
1hhp	54,92	6
1hhp	29,69	6
1hhp	40,96	6
1hhp	16,97	6
1hhp	26,53	6
1hhp	14,92	6
1hhp	11,55	6
1hhp	68,93	6
1hhp	1,73	6
1hhp	26,51	6
1hhp	22,6	6
1hhp	13,95	6
1hhp	19,33	6
1hhp	22,3	6
1hhp	43,78	6
1hhp	25,72	6
1hhp	50,70	6
1hhp	58,8	6
1hhp	6,94	6
1hhp	50,68	6
1hhp	50,65	6
1hhp	100,27	6
1hhp	50,99	6
1hhp	61,96	6
1hhp	100,49	6
1hhp	26,64	6
1hhp	4,75	6
1hhp	16,3	6
1hhp	24,92	6
1hhp	5,58	6
1hhp	6,73	6
1hhp	13,92	6
1hhp	27,90	6
1hhp	49,7	5
1hhp	4,58	5
1hhp	38,71	5
1hhp	4,45	5
1hhp	24,51	5
1hhp	4,47	5
1hhp	24,5	5
1hhp	49,91	5
1hhp	70,90	5
1hhp	24,52	5
1hhp	5,72	5
1hhp	10,24	5
1hhp	66,9	5
1hhp	17,3	5
1hhp	24,91	5
1hhp	71,93	5
1hhp	67,91	5
1hhp	1,94	5
1hhp	27,93	5
1hhp	39,71	5
1hhp	28,90	5
1hhp	28,99	5
1hhp	2,58	5
1hhp	24,66	5
1hhp	27,68	5
1hhp	25,56	5
1hhp	13,97	5
1hhp	5,56	5
1hhp	70,91	5
1hhp	73,9	5
1hhp	44,6	5
1hhp	23,97	5
1hhp	35,75	5
1hhp	101,67	5
1hhp	101,6	5
1hhp	19,70	5
1hhp	101,3	5
1hhp	23,95	5
1hhp	1,22	5
1hhp	22,78	5
1hhp	62,78	5
1hhp	35,83	5
1hhp	80,96	5
1hhp	42,8	5
1hhp	22,68	5
1hhp	60,96	5
1hhp	35,76	5
1hhp	32,72	5
1hhp	56,78	5
1hhp	12,64	5
1hhp	22,53	5
1hhp	57,95	5
1hhp	57,97	5
1hhp	46,78	5
1hhp	100,24	5
1hhp	34,94	5
1hhp	33,58	5
1hhp	45,79	5
1hhp	21,79	5
1hhp	33,76	5
1hhp	21,78	5
1hhp	43,77	5
1hhp	34,75	5
1hhp	22,8	5
1hhp	11,93	5
1hhp	10,48	5
1hhp	31,4	5
1hhp	64,9	5
1hhp	2,42	5
1hhp	17,99	5
1hhp	49,6	5
1hhp	54,69	5
1hhp	2,24	5
1hhp	54,97	5
1hhp	63,99	5
1hhp	22,97	5
1hhp	30,92	5
1hhp	17,90	5
1hhp	55,99	5
1hhp	8,94	5
1hhp	47,97	5
1hhp	36,92	5
1hhp	74,92	5
1hhp	8,93	5
1hhp	23,8	4
1hhp	75,92	4
1hhp	5,74	4
1hhp	21,7	4
1hhp	45,77	4
1hhp	12,58	4
1hhp	12,49	4
1hhp	7,76	4
1hhp	7,74	4
1hhp	21,97	4
1hhp	21,92	4
1hhp	21,3	4
1hhp	72,91	4
1hhp	23,5	4
1hhp	42,6	4
1hhp	4,74	4
1hhp	42,7	4
1hhp	47,77	4
1hhp	47,6	4
1hhp	13,91	4
1hhp	41,84	4
1hhp	70,93	4
1hhp	1,48	4
1hhp	48,5	4
1hhp	41,78	4
1hhp	47,92	4
1hhp	48,7	4
1hhp	21,36	4
1hhp	40,97	4
1hhp	59,96	4
1hhp	26,72	4
1hhp	10,47	4
1hhp	56,8	4
1hhp	19,92	4
1hhp	31,6	4
1hhp	101,8	4
1hhp	11,28	4
1hhp	18,53	4
1hhp	10,49	4
1hhp	18,33	4
1hhp	29,90	4
1hhp	4,43	4
1hhp	18,2	4
1hhp	17,95	4
1hhp	3,55	4
1hhp	10,43	4
1hhp	3,49	4
1hhp	3,47	4
1hhp	31,71	4
1hhp	57,6	4
1hhp	18,67	4
1hhp	18,68	4
1hhp	34,59	4
1hhp	100,28	4
1hhp	34,76	4
1hhp	33,94	4
1hhp	18,91	4
1hhp	100,63	4
1hhp	1,101	4
1hhp	6,84	4
1hhp	60,79	4
1hhp	58,6	4
1hhp	57,98	4
1hhp	35,63	4
1hhp	100,19	4
1hhp	61,78	4
1hhp	19,53	4
1hhp	3,31	4
1hhp	15,97	4
1hhp	10,23	4
1hhp	1,74	4
1hhp	28,91	4
1hhp	69,93	4
1hhp	29,65	4
1hhp	16,95	4
1hhp	28,70	4
1hhp	50,64	4
1hhp	11,56	4
1hhp	11,58	4
1hhp	17,2	4
1hhp	28,9	4
1hhp	28,67	4
1hhp	50,91	4
1hhp	4,42	4
1hhp	66,91	4
1hhp	15,92	4
1hhp	10,101	4
1hhp	29,9	4
1hhp	81,96	3
1hhp	50,90	3
1hhp	10,74	3
1hhp	51,68	3
1hhp	61,77	3
1hhp	10,94	3
1hhp	1,84	3
1hhp	1,75	3
1hhp	101,25	3
1hhp	100,22	3
1hhp	50,71	3
1hhp	69,90	3
1hhp	46,77	3
1hhp	58,7	3
1hhp	71,91	3
1hhp	45,9	3
1hhp	45,84	3
1hhp	7,94	3
1hhp	7,84	3
1hhp	44,92	3
1hhp	12,48	3
1hhp	100,54	3
1hhp	7,73	3
1hhp	9,94	3
1hhp	100,52	3
1hhp	100,51	3
1hhp	101,26	3
1hhp	52,91	3
1hhp	51,70	3
1hhp	10,31	3
1hhp	64,93	3
1hhp	49,64	3
1hhp	10,44	3
1hhp	75,91	3
1hhp	54,68	3
1hhp	54,6	3
1hhp	1,47	3
1hhp	11,47	3
1hhp	53,84	3
1hhp	11,49	3
1hhp	73,91	3
1hhp	53,79	3
1hhp	53,77	3
1hhp	72,90	3
1hhp	49,71	3
1hhp	48,92	3
1hhp	48,9	3
1hhp	56,71	3
1hhp	77,92	3
1hhp	10,57	3
1hhp	51,71	3
1hhp	10,37	3
1hhp	55,95	3
1hhp	55,92	3
1hhp	51,93	3
1hhp	10,54	3
1hhp	11,24	3
1hhp	1,31	3
1hhp	55,78	3
1hhp	47,99	3
1hhp	64,84	3
1hhp	48,6	3
1hhp	48,65	3
1hhp	78,92	3
1hhp	11,31	3
1hhp	41,92	3
1hhp	17,56	3
1hhp	42,9	3
1hhp	4,76	3
1hhp	4,89	3
1hhp	28,55	3
1hhp	28,65	3
1hhp	13,27	3
1hhp	40,76	3
1hhp	12,94	3
1hhp	36,94	3
1hhp	23,99	3
1hhp	28,93	3
1hhp	12,75	3
1hhp	18,55	3
1hhp	23,9	3
1hhp	2,49	3
1hhp	41,79	3
1hhp	23,71	3
1hhp	23,68	3
1hhp	3,42	3
1hhp	2,48	3
1hhp	35,59	3
1hhp	2,47	3
1hhp	23,52	3
1hhp	2,44	3
1hhp	3,74	3
1hhp	23,50	3
1hhp	27,98	3
1hhp	4,63	3
1hhp	24,58	3
1hhp	17,70	3
1hhp	15,99	3
1hhp	15,98	3
1hhp	16,99	3
1hhp	15,70	3
1hhp	25,45	3
1hhp	20,34	3
1hhp	25,42	3
1hhp	26,49	3
1hhp	26,55	3
1hhp	17,69	3
1hhp	24,90	3
1hhp	2,84	3
1hhp	4,60	3
1hhp	26,93	3
1hhp	24,67	3
1hhp	26,94	3
1hhp	27,52	3
1hhp	17,92	3
1hhp	4,49	3
1hhp	18,34	3
1hhp	27,69	3
1hhp	27,71	3
1hhp	27,91	3
1hhp	4,59	3
1hhp	22,98	3
1hhp	29,71	3
1hhp	25,73	3
1hhp	19,90	3
1hhp	31,96	3
1hhp	34,61	3
1hhp	19,78	3
1hhp	19,99	3
1hhp	22,71	3
1hhp	33,65	3
1hhp	30,68	3
1hhp	20,98	3
1hhp	19,51	3
1hhp	34,63	3
1hhp	43,5	3
1hhp	19,34	3
1hhp	21,95	3
1hhp	12,55	3
1hhp	22,5	3
1hhp	22,70	3
1hhp	12,56	3
1hhp	34,57	3
1hhp	21,68	3
1hhp	22,9	3
1hhp	22,90	3
1hhp	20,97	3
1hhp	22,92	3
1hhp	33,72	3
1hhp	21,65	3
1hhp	54,77	2
1hhp	28,51	2
1hhp	55,68	2
1hhp	31,7	2
1hhp	55,69	2
1hhp	54,71	2
1hhp	27,53	2
1hhp	54,78	2
1hhp	10,58	2
1hhp	34,47	2
1hhp	54,79	2
1hhp	27,67	2
1hhp	68,84	2
1hhp	33,93	2
1hhp	68,94	2
1hhp	6,89	2
1hhp	54,95	2
1hhp	10,59	2
1hhp	27,94	2
1hhp	19,93	2
1hhp	26,66	2
1hhp	32,89	2
1hhp	37,9	2
1hhp	25,75	2
1hhp	16,64	2
1hhp	31,90	2
1hhp	1,61	2
1hhp	52,66	2
1hhp	16,90	2
1hhp	16,91	2
1hhp	25,94	2
1hhp	10,84	2
1hhp	17,30	2
1hhp	17,42	2
1hhp	20,35	2
1hhp	32,4	2
1hhp	26,42	2
1hhp	32,6	2
1hhp	52,93	2
1hhp	19,52	2
1hhp	100,13	2
1hhp	53,69	2
1hhp	17,67	2
1hhp	53,78	2
1hhp	100,15	2
1hhp	37,96	2
1hhp	10,75	2
1hhp	11,48	2
1hhp	19,68	2
1hhp	17,72	2
1hhp	28,53	2
1hhp	59,79	2
1hhp	55,70	2
1hhp	100,55	2
1hhp	30,69	2
1hhp	56,97	2
1hhp	35,92	2
1hhp	57,7	2
1hhp	57,70	2
1hhp	65,93	2
1hhp	65,91	2
1hhp	34,73	2
1hhp	101,12	2
1hhp	35,82	2
1hhp	3,46	2
1hhp	18,72	2
1hhp	3,48	2
1hhp	35,73	2
1hhp	57,92	2
1hhp	100,29	2
1hhp	3,57	2
1hhp	57,99	2
1hhp	35,58	2
1hhp	58,77	2
1hhp	35,48	2
1hhp	34,96	2
1hhp	34,93	2
1hhp	100,57	2
1hhp	100,65	2
1hhp	18,90	2
1hhp	34,82	2
1hhp	34,81	2
1hhp	58,97	2
1hhp	59,6	2
1hhp	56,96	2
1hhp	35,96	2
1hhp	100,50	2
1hhp	36,6	2
1hhp	28,56	2
1hhp	18,51	2
1hhp	37,54	2
1hhp	59,78	2
1hhp	67,94	2
1hhp	67,93	2
1hhp	28,68	2
1hhp	36,97	2
1hhp	101,9	2
1hhp	36,95	2
1hhp	100,41	2
1hhp	28,71	2
1hhp	63,91	2
1hhp	36,91	2
1hhp	63,93	2
1hhp	55,97	2
1hhp	30,71	2
1hhp	55,98	2
1hhp	28,94	2
1hhp	56,69	2
1hhp	56,70	2
1hhp	29,51	2
1hhp	56,72	2
1hhp	56,73	2
1hhp	29,53	2
1hhp	36,76	2
1hhp	66,93	2
1hhp	1,57	2
1hhp	36,61	2
1hhp	34,60	2
1hhp	31,9	2
1hhp	4,46	2
1hhp	14,28	2
1hhp	42,98	2
1hhp	72,95	2
1hhp	74,98	2
1hhp	12,47	2
1hhp	12,66	2
1hhp	24,53	2
1hhp	24,55	2
1hhp	4,54	2
1hhp	13,98	2
1hhp	13,99	2
1hhp	22,65	2
1hhp	13,30	2
1hhp	45,5	2
1hhp	46,92	2
1hhp	43,7	2
1hhp	48,64	2
1hhp	12,73	2
1hhp	5,81	2
1hhp	5,84	2
1hhp	5,89	2
1hhp	44,9	2
1hhp	4,44	2
1hhp	13,50	2
1hhp	48,8	2
1hhp	72,8	2
1hhp	48,99	2
1hhp	20,79	2
1hhp	74,91	2
1hhp	74,90	2
1hhp	20,99	2
1hhp	20,77	2
1hhp	22,95	2
1hhp	46,68	2
1hhp	22,77	2
1hhp	73,99	2
1hhp	48,97	2
1hhp	49,5	2
1hhp	72,97	2
1hhp	46,6	2
1hhp	12,76	2
1hhp	42,95	2
1hhp	42,97	2
1hhp	12,43	2
1hhp	49,8	2
1hhp	49,9	2
1hhp	22,69	2
1hhp	22,67	2
1hhp	13,28	2
1hhp	22,35	2
1hhp	74,95	2
1hhp	11,64	2
1hhp	15,65	2
1hhp	47,5	2
1hhp	42,77	2
1hhp	44,70	2
1hhp	42,5	2
1hhp	44,7	2
1hhp	15,29	2
1hhp	47,65	2
1hhp	50,93	2
1hhp	15,64	2
1hhp	21,71	2
1hhp	15,68	2
1hhp	23,65	2
1hhp	15,71	2
1hhp	76,9	2
1hhp	51,66	2
1hhp	51,67	2
1hhp	25,49	2
1hhp	47,78	2
1hhp	76,96	2
1hhp	43,97	2
1hhp	47,69	2
1hhp	47,7	2
1hhp	14,99	2
1hhp	44,77	2
1hhp	20,92	2
1hhp	71,99	2
1hhp	14,91	2
1hhp	47,95	2
1hhp	23,51	2
1hhp	71,90	2
1hhp	39,96	2
1hhp	11,57	2
1hhp	12,57	2
1hhp	24,9	2
1hhp	44,78	2
1hhp	44,79	2
1hhp	23,67	2
1hhp	41,97	2
1hhp	1,32	1
1hhp	2,43	1
1hhp	3,76	1
1hhp	1,36	1
1hhp	2,21	1
1hhp	2,45	1
1hhp	3,77	1
1hhp	64,83	1
1hhp	2,32	1
1hhp	3,84	1
1hhp	23,37	1
1hhp	8,84	1
1hhp	30,52	1
1hhp	3,85	1
1hhp	2,31	1
1hhp	3,86	1
1hhp	64,78	1
1hhp	23,43	1
1hhp	3,81	1
1hhp	10,46	1
1hhp	20,53	1
1hhp	31,5	1
1hhp	22,91	1
1hhp	61,92	1
1hhp	10,73	1
1hhp	62,8	1
1hhp	31,8	1
1hhp	62,77	1
1hhp	62,76	1
1hhp	19,62	1
1hhp	10,76	1
1hhp	21,37	1
1hhp	61,9	1
1hhp	19,77	1
1hhp	10,80	1
1hhp	21,70	1
1hhp	10,81	1
1hhp	10,82	1
1hhp	21,69	1
1hhp	10,85	1
1hhp	19,56	1
1hhp	21,67	1
1hhp	19,71	1
1hhp	21,98	1
1hhp	22,79	1
1hhp	19,91	1
1hhp	22,72	1
1hhp	80,97	1
1hhp	63,90	1
1hhp	30,91	1
1hhp	30,95	1
1hhp	23,53	1
1hhp	83,98	1
1hhp	83,99	1
1hhp	22,50	1
1hhp	89,9	1
1hhp	62,97	1
1hhp	62,96	1
1hhp	21,35	1
1hhp	10,61	1
1hhp	10,62	1
1hhp	21,99	1
1hhp	31,67	1
1hhp	31,69	1
1hhp	78,99	1
1hhp	10,36	1
1hhp	23,56	1
1hhp	20,69	1
1hhp	24,93	1
1hhp	24,89	1
1hhp	26,62	1
1hhp	24,88	1
1hhp	26,74	1
1hhp	26,77	1
1hhp	24,73	1
1hhp	69,94	1
1hhp	24,64	1
1hhp	27,55	1
1hhp	27,58	1
1hhp	1,76	1
1hhp	1,79	1
1hhp	1,81	1
1hhp	2,62	1
1hhp	24,61	1
1hhp	27,64	1
1hhp	1,46	1
1hhp	24,60	1
1hhp	72,89	1
1hhp	2,59	1
1hhp	26,56	1
1hhp	2,94	1
1hhp	24,46	1
1hhp	20,68	1
1hhp	20,65	1
1hhp	25,74	1
1hhp	25,61	1
1hhp	25,59	1
1hhp	25,78	1
1hhp	25,84	1
1hhp	25,89	1
1hhp	25,57	1
1hhp	1,62	1
1hhp	1,63	1
1hhp	25,46	1
1hhp	20,37	1
1hhp	25,44	1
1hhp	26,44	1
1hhp	7,88	1
1hhp	26,45	1
1hhp	1,54	1
1hhp	7,79	1
1hhp	26,47	1
1hhp	7,75	1
1hhp	25,41	1
1hhp	27,70	1
1hhp	72,93	1
1hhp	3,63	1
1hhp	29,94	1
1hhp	3,32	1
1hhp	3,35	1
1hhp	75,8	1
1hhp	20,56	1
1hhp	75,9	1
1hhp	3,37	1
1hhp	3,41	1
1hhp	75,93	1
1hhp	65,90	1
1hhp	75,95	1
1hhp	3,44	1
1hhp	75,99	1
1hhp	3,45	1
1hhp	1,37	1
1hhp	76,92	1
1hhp	76,95	1
1hhp	65,79	1
1hhp	3,54	1
1hhp	3,59	1
1hhp	3,61	1
1hhp	3,62	1
1hhp	74,99	1
1hhp	29,93	1
1hhp	72,94	1
1hhp	29,81	1
1hhp	24,44	1
1hhp	28,64	1
1hhp	72,98	1
1hhp	72,99	1
1hhp	1,45	1
1hhp	1,44	1
1hhp	1,43	1
1hhp	24,43	1
1hhp	24,42	1
1hhp	28,88	1
1hhp	73,95	1
1hhp	28,98	1
1hhp	74,8	1
1hhp	29,50	1
1hhp	1,38	1
1hhp	29,54	1
1hhp	29,66	1
1hhp	23,77	1
1hhp	29,67	1
1hhp	74,97	1
1hhp	29,73	1
1hhp	43,90	1
1hhp	34,92	1
1hhp	31,91	1
1hhp	5,79	1
1hhp	13,70	1
1hhp	13,93	1
1hhp	4,61	1
1hhp	5,73	1
1hhp	14,51	1
1hhp	5,76	1
1hhp	4,41	1
1hhp	4,83	1
1hhp	5,94	1
1hhp	11,63	1
1hhp	11,59	1
1hhp	39,97	1
1hhp	14,64	1
1hhp	14,67	1
1hhp	4,79	1
1hhp	4,84	1
1hhp	48,91	1
1hhp	12,93	1
1hhp	48,95	1
1hhp	12,74	1
1hhp	48,98	1
1hhp	40,92	1
1hhp	49,66	1
1hhp	12,84	1
1hhp	49,70	1
1hhp	4,87	1
1hhp	40,73	1
1hhp	40,70	1
1hhp	40,57	1
1hhp	49,94	1
1hhp	13,29	1
1hhp	13,67	1
1hhp	50,66	1
1hhp	14,68	1
1hhp	14,70	1
1hhp	16,89	1
1hhp	16,58	1
1hhp	16,59	1
1hhp	16,68	1
1hhp	16,69	1
1hhp	16,70	1
1hhp	16,71	1
1hhp	16,93	1
1hhp	14,71	1
1hhp	16,98	1
1hhp	17,43	1
1hhp	52,90	1
1hhp	17,50	1
1hhp	17,51	1
1hhp	52,94	1
1hhp	16,30	1
1hhp	39,54	1
1hhp	51,90	1
1hhp	39,56	1
1hhp	51,89	1
1hhp	16,29	1
1hhp	16,2	1
1hhp	15,95	1
1hhp	15,91	1
1hhp	15,90	1
1hhp	11,54	1
1hhp	15,50	1
1hhp	15,30	1
1hhp	15,2	1
1hhp	50,75	1
1hhp	50,72	1
1hhp	14,90	1
1hhp	40,95	1
1hhp	41,5	1
1hhp	17,55	1
1hhp	46,66	1
1hhp	12,46	1
1hhp	12,45	1
1hhp	12,44	1
1hhp	12,37	1
1hhp	45,92	1
1hhp	45,95	1
1hhp	46,7	1
1hhp	43,6	1
1hhp	46,71	1
1hhp	42,92	1
1hhp	42,91	1
1hhp	46,8	1
1hhp	12,33	1
1hhp	46,83	1
1hhp	45,8	1
1hhp	43,69	1
1hhp	41,67	1
1hhp	44,69	1
1hhp	43,95	1
1hhp	43,9	1
1hhp	43,98	1
1hhp	44,58	1
1hhp	12,54	1
1hhp	44,67	1
1hhp	44,8	1
1hhp	44,97	1
1hhp	44,84	1
1hhp	43,84	1
1hhp	12,60	1
1hhp	43,8	1
1hhp	43,79	1
1hhp	44,95	1
1hhp	46,84	1
1hhp	12,31	1
1hhp	12,61	1
1hhp	41,8	1
1hhp	41,98	1
1hhp	11,84	1
1hhp	47,9	1
1hhp	47,93	1
1hhp	41,95	1
1hhp	41,90	1
1hhp	41,70	1
1hhp	12,62	1
1hhp	41,69	1
1hhp	48,70	1
1hhp	11,77	1
1hhp	11,75	1
1hhp	11,74	1
1hhp	41,68	1
1hhp	41,99	1
1hhp	42,67	1
1hhp	42,69	1
1hhp	47,8	1
1hhp	47,79	1
1hhp	42,71	1
1hhp	47,72	1
1hhp	47,71	1
1hhp	47,70	1
1hhp	47,68	1
1hhp	47,67	1
1hhp	47,66	1
1hhp	46,99	1
1hhp	46,98	1
1hhp	46,97	1
1hhp	42,79	1
1hhp	46,95	1
1hhp	17,53	1
1hhp	38,6	1
1hhp	61,79	1
1hhp	59,7	1
1hhp	58,90	1
1hhp	58,92	1
1hhp	18,93	1
1hhp	34,74	1
1hhp	58,98	1
1hhp	58,99	1
1hhp	59,77	1
1hhp	34,89	1
1hhp	100,58	1
1hhp	34,71	1
1hhp	34,64	1
1hhp	34,62	1
1hhp	100,47	1
1hhp	59,9	1
1hhp	58,9	1
1hhp	34,90	1
1hhp	35,81	1
1hhp	35,61	1
1hhp	18,78	1
1hhp	35,69	1
1hhp	57,9	1
1hhp	35,65	1
1hhp	100,74	1
1hhp	35,62	1
1hhp	35,60	1
1hhp	43,92	1
1hhp	35,6	1
1hhp	58,71	1
1hhp	58,78	1
1hhp	58,79	1
1hhp	100,71	1
1hhp	35,4	1
1hhp	59,92	1
1hhp	100,42	1
1hhp	6,63	1
1hhp	32,69	1
1hhp	60,78	1
1hhp	19,42	1
1hhp	32,8	1
1hhp	100,21	1
1hhp	19,50	1
1hhp	32,7	1
1hhp	100,17	1
1hhp	34,58	1
1hhp	60,9	1
1hhp	60,92	1
1hhp	32,5	1
1hhp	60,95	1
1hhp	31,97	1
1hhp	31,92	1
1hhp	60,7	1
1hhp	100,23	1
1hhp	19,35	1
1hhp	32,95	1
1hhp	32,96	1
1hhp	32,97	1
1hhp	33,4	1
1hhp	33,56	1
1hhp	6,88	1
1hhp	6,85	1
1hhp	33,71	1
1hhp	6,77	1
1hhp	6,76	1
1hhp	6,75	1
1hhp	33,81	1
1hhp	33,96	1
1hhp	100,31	1
1hhp	18,71	1
1hhp	101,11	1
1hhp	17,58	1
1hhp	54,90	1
1hhp	54,84	1
1hhp	11,35	1
1hhp	18,31	1
1hhp	18,41	1
1hhp	37,71	1
1hhp	54,9	1
1hhp	54,91	1
1hhp	54,8	1
1hhp	37,7	1
1hhp	54,93	1
1hhp	18,42	1
1hhp	18,47	1
1hhp	18,48	1
1hhp	18,49	1
1hhp	11,41	1
1hhp	54,70	1
1hhp	101,2	1
1hhp	11,43	1
1hhp	17,65	1
1hhp	53,68	1
1hhp	38,54	1
1hhp	37,97	1
1hhp	17,68	1
1hhp	11,45	1
1hhp	11,42	1
1hhp	17,93	1
1hhp	53,92	1
1hhp	53,94	1
1hhp	53,95	1
1hhp	53,97	1
1hhp	17,91	1
1hhp	54,67	1
1hhp	18,50	1
1hhp	37,6	1
1hhp	55,71	1
1hhp	56,92	1
1hhp	36,68	1
1hhp	36,63	1
1hhp	36,57	1
1hhp	101,29	1
1hhp	56,9	1
1hhp	56,90	1
1hhp	36,4	1
1hhp	55,73	1
1hhp	56,95	1
1hhp	57,71	1
1hhp	57,72	1
1hhp	57,77	1
1hhp	57,78	1
1hhp	57,8	1
1hhp	101,66	1
1hhp	36,71	1
1hhp	36,74	1
1hhp	101,70	1
1hhp	18,66	1
1hhp	18,64	1
1hhp	18,58	1
1hhp	18,57	1
1hhp	18,56	1
1hhp	36,90	1
1hhp	55,90	1
1hhp	36,93	1
1hhp	36,99	1
1hhp	55,84	1
1hhp	55,81	1
1hhp	18,52	1
1hhp	55,77	1
1hhp	21,53	1
