protein	pair	frequency
1crn	28,41	262
1crn	1,29	152
1crn	1,28	148
1crn	30,8	133
1crn	29,8	127
1crn	10,30	124
1crn	2,29	120
1crn	28,45	117
1crn	30,9	111
1crn	25,38	110
1crn	28,42	107
1crn	1,30	106
1crn	29,7	104
1crn	27,41	101
1crn	29,48	97
1crn	29,45	96
1crn	28,44	95
1crn	30,7	93
1crn	28,46	92
1crn	28,48	90
1crn	2,28	90
1crn	2,30	89
1crn	17,30	88
1crn	29,9	88
1crn	1,27	85
1crn	29,44	84
1crn	14,38	80
1crn	29,3	80
1crn	24,38	80
1crn	29,42	79
1crn	14,41	79
1crn	15,38	79
1crn	1,31	76
1crn	10,29	75
1crn	28,47	74
1crn	28,7	73
1crn	29,47	72
1crn	38,9	69
1crn	29,43	67
1crn	38,8	66
1crn	27,40	65
1crn	29,46	64
1crn	26,41	64
1crn	2,27	64
1crn	3,30	62
1crn	28,43	61
1crn	10,38	61
1crn	21,34	60
1crn	27,48	59
1crn	28,9	59
1crn	15,41	59
1crn	1,26	59
1crn	34,8	58
1crn	27,7	58
1crn	28,8	57
1crn	28,3	56
1crn	30,45	56
1crn	27,44	56
1crn	10,28	55
1crn	27,8	55
1crn	11,30	55
1crn	30,4	55
1crn	27,47	54
1crn	27,42	54
1crn	27,43	54
1crn	30,5	53
1crn	27,45	53
1crn	28,4	53
1crn	29,4	53
1crn	26,39	52
1crn	15,34	52
1crn	16,30	52
1crn	31,8	51
1crn	2,26	51
1crn	1,41	51
1crn	15,30	51
1crn	30,44	51
1crn	16,36	51
1crn	31,9	50
1crn	11,29	49
1crn	16,38	49
1crn	38,7	48
1crn	17,38	48
1crn	29,5	48
1crn	41,9	47
1crn	27,3	47
1crn	26,8	47
1crn	28,5	46
1crn	26,3	46
1crn	26,5	46
1crn	15,39	45
1crn	27,46	45
1crn	25,39	44
1crn	14,36	44
1crn	18,38	44
1crn	28,6	43
1crn	25,3	43
1crn	14,34	43
1crn	16,34	43
1crn	13,38	42
1crn	39,8	42
1crn	34,9	42
1crn	10,31	42
1crn	27,5	42
1crn	17,34	41
1crn	26,4	41
1crn	15,36	41
1crn	33,46	40
1crn	14,39	40
1crn	26,40	40
1crn	31,7	40
1crn	20,34	40
1crn	27,6	40
1crn	14,30	39
1crn	27,9	39
1crn	13,41	39
1crn	25,4	39
1crn	1,25	39
1crn	1,34	39
1crn	17,31	38
1crn	11,31	37
1crn	10,37	37
1crn	36,8	36
1crn	12,29	36
1crn	25,41	36
1crn	24,39	36
1crn	26,6	35
1crn	35,8	35
1crn	12,30	35
1crn	21,36	35
1crn	13,36	35
1crn	36,9	34
1crn	24,41	34
1crn	14,37	34
1crn	2,25	34
1crn	26,7	33
1crn	15,35	33
1crn	1,37	33
1crn	19,38	33
1crn	27,4	32
1crn	18,41	32
1crn	10,41	32
1crn	30,48	32
1crn	15,31	32
1crn	23,38	32
1crn	16,31	31
1crn	25,5	31
1crn	1,38	31
1crn	41,8	31
1crn	30,43	30
1crn	15,37	30
1crn	13,34	30
1crn	33,8	30
1crn	29,6	29
1crn	12,38	29
1crn	21,35	29
1crn	32,9	29
1crn	1,33	28
1crn	30,6	28
1crn	22,36	28
1crn	22,35	28
1crn	11,38	28
1crn	14,40	28
1crn	22,37	28
1crn	17,41	28
1crn	37,9	27
1crn	32,8	27
1crn	24,37	27
1crn	39,9	27
1crn	16,41	26
1crn	10,40	26
1crn	18,34	26
1crn	30,46	26
1crn	1,40	26
1crn	14,31	26
1crn	26,45	26
1crn	17,37	25
1crn	1,32	25
1crn	10,39	25
1crn	13,37	25
1crn	15,29	25
1crn	36,7	25
1crn	40,8	25
1crn	10,25	24
1crn	16,29	24
1crn	35,9	24
1crn	26,9	24
1crn	24,40	24
1crn	17,35	24
1crn	26,44	23
1crn	17,36	23
1crn	2,31	23
1crn	14,35	23
1crn	12,41	23
1crn	12,34	23
1crn	23,9	23
1crn	33,9	23
1crn	11,28	23
1crn	10,34	23
1crn	1,39	23
1crn	10,23	23
1crn	10,32	22
1crn	12,28	22
1crn	33,48	22
1crn	22,38	22
1crn	13,35	22
1crn	10,27	22
1crn	23,3	22
1crn	1,17	22
1crn	10,36	21
1crn	25,9	21
1crn	20,36	21
1crn	16,37	21
1crn	17,39	21
1crn	12,31	21
1crn	34,7	20
1crn	11,41	20
1crn	26,48	20
1crn	32,7	20
1crn	2,40	20
1crn	15,32	20
1crn	25,45	20
1crn	3,39	20
1crn	18,31	20
1crn	14,28	20
1crn	15,2	20
1crn	30,47	20
1crn	26,43	19
1crn	14,45	19
1crn	15,40	19
1crn	16,39	19
1crn	16,35	19
1crn	1,23	18
1crn	3,38	18
1crn	10,26	18
1crn	2,39	18
1crn	10,33	18
1crn	10,35	18
1crn	20,35	18
1crn	12,36	18
1crn	18,36	18
1crn	12,35	18
1crn	21,38	18
1crn	2,23	17
1crn	26,46	17
1crn	2,38	17
1crn	23,4	17
1crn	13,43	17
1crn	25,40	17
1crn	23,36	17
1crn	14,27	17
1crn	18,37	17
1crn	35,7	17
1crn	3,40	17
1crn	37,8	17
1crn	13,30	17
1crn	24,45	16
1crn	23,41	16
1crn	13,42	16
1crn	18,39	16
1crn	1,36	16
1crn	18,3	16
1crn	14,29	16
1crn	40,9	16
1crn	13,44	15
1crn	23,37	15
1crn	25,43	15
1crn	21,37	15
1crn	14,32	15
1crn	14,33	15
1crn	14,44	15
1crn	15,28	15
1crn	33,7	15
1crn	25,6	15
1crn	1,24	15
1crn	16,32	15
1crn	26,42	15
1crn	15,33	15
1crn	23,5	14
1crn	3,31	14
1crn	16,2	14
1crn	16,3	14
1crn	17,3	14
1crn	13,45	14
1crn	19,36	14
1crn	19,34	14
1crn	13,33	14
1crn	13,32	14
1crn	37,7	13
1crn	11,32	13
1crn	23,6	13
1crn	39,7	13
1crn	34,48	13
1crn	2,34	13
1crn	33,47	13
1crn	19,3	13
1crn	16,33	13
1crn	13,31	13
1crn	24,48	12
1crn	25,8	12
1crn	1,35	12
1crn	13,48	12
1crn	13,39	12
1crn	24,44	12
1crn	20,38	12
1crn	39,6	11
1crn	24,9	11
1crn	35,48	11
1crn	25,7	11
1crn	24,42	11
1crn	40,6	11
1crn	31,5	11
1crn	1,14	11
1crn	2,24	11
1crn	18,4	11
1crn	12,33	11
1crn	1,16	11
1crn	20,37	11
1crn	13,26	11
1crn	1,15	11
1crn	11,34	11
1crn	2,22	11
1crn	15,42	11
1crn	17,32	11
1crn	17,2	11
1crn	25,46	10
1crn	12,27	10
1crn	25,42	10
1crn	17,33	10
1crn	39,4	10
1crn	4,40	10
1crn	18,35	10
1crn	26,47	10
1crn	19,41	10
1crn	1,22	10
1crn	19,35	10
1crn	39,5	10
1crn	1,19	10
1crn	40,5	10
1crn	1,18	10
1crn	41,7	10
1crn	19,5	9
1crn	31,44	9
1crn	19,37	9
1crn	31,4	9
1crn	18,40	9
1crn	17,4	9
1crn	13,40	9
1crn	11,37	9
1crn	1,45	9
1crn	25,44	9
1crn	12,39	9
1crn	24,3	8
1crn	22,9	8
1crn	15,45	8
1crn	19,2	8
1crn	18,5	8
1crn	13,47	8
1crn	22,3	8
1crn	20,33	8
1crn	20,39	8
1crn	11,35	8
1crn	34,47	7
1crn	12,32	7
1crn	3,34	7
1crn	18,2	7
1crn	19,32	7
1crn	19,39	7
1crn	12,26	7
1crn	32,5	7
1crn	2,21	7
1crn	14,43	7
1crn	12,45	7
1crn	2,32	7
1crn	24,4	7
1crn	11,25	7
1crn	24,43	7
1crn	38,4	7
1crn	12,37	6
1crn	21,39	6
1crn	15,46	6
1crn	24,6	6
1crn	24,5	6
1crn	14,46	6
1crn	24,47	6
1crn	32,48	6
1crn	40,7	6
1crn	14,42	6
1crn	13,28	6
1crn	18,33	6
1crn	1,44	6
1crn	2,37	6
1crn	31,6	6
1crn	2,41	6
1crn	2,45	5
1crn	16,40	5
1crn	31,48	5
1crn	31,46	5
1crn	2,33	5
1crn	13,46	5
1crn	19,4	5
1crn	32,45	5
1crn	22,4	5
1crn	12,40	5
1crn	4,41	5
1crn	11,26	5
1crn	14,48	5
1crn	17,40	5
1crn	25,47	5
1crn	38,5	5
1crn	10,42	5
1crn	25,48	5
1crn	1,48	5
1crn	11,39	5
1crn	20,3	5
1crn	31,45	4
1crn	12,43	4
1crn	19,6	4
1crn	12,44	4
1crn	20,4	4
1crn	13,29	4
1crn	19,40	4
1crn	17,45	4
1crn	20,41	4
1crn	11,36	4
1crn	34,5	4
1crn	32,4	4
1crn	33,4	4
1crn	3,42	4
1crn	37,6	4
1crn	18,45	4
1crn	21,5	4
1crn	1,42	4
1crn	3,32	4
1crn	14,47	4
1crn	3,33	4
1crn	21,3	4
1crn	11,27	4
1crn	1,21	4
1crn	11,33	3
1crn	41,6	3
1crn	11,24	3
1crn	37,4	3
1crn	12,42	3
1crn	42,9	3
1crn	45,7	3
1crn	32,46	3
1crn	36,4	3
1crn	12,25	3
1crn	36,6	3
1crn	11,40	3
1crn	23,40	3
1crn	21,40	3
1crn	23,8	3
1crn	18,32	3
1crn	23,39	3
1crn	3,47	3
1crn	16,42	3
1crn	21,4	3
1crn	22,7	3
1crn	24,7	3
1crn	20,40	3
1crn	20,7	3
1crn	15,44	3
1crn	22,39	3
1crn	3,35	3
1crn	20,6	2
1crn	31,47	2
1crn	10,24	2
1crn	21,41	2
1crn	10,48	2
1crn	37,5	2
1crn	2,36	2
1crn	38,6	2
1crn	4,42	2
1crn	21,7	2
1crn	21,8	2
1crn	19,33	2
1crn	4,45	2
1crn	24,46	2
1crn	1,20	2
1crn	22,44	2
1crn	22,6	2
1crn	22,8	2
1crn	42,5	2
1crn	43,9	2
1crn	2,35	2
1crn	2,42	2
1crn	33,5	2
1crn	32,47	2
1crn	3,36	2
1crn	3,37	2
1crn	15,48	2
1crn	11,45	2
1crn	34,4	2
1crn	23,7	2
1crn	3,41	2
1crn	35,4	2
1crn	15,43	2
1crn	12,48	2
1crn	18,42	2
1crn	42,6	1
1crn	3,46	1
1crn	4,47	1
1crn	32,6	1
1crn	22,5	1
1crn	41,5	1
1crn	3,48	1
1crn	43,6	1
1crn	13,27	1
1crn	22,41	1
1crn	44,5	1
1crn	46,9	1
1crn	4,48	1
1crn	3,44	1
1crn	18,44	1
1crn	4,43	1
1crn	18,43	1
1crn	2,20	1
1crn	17,44	1
1crn	35,5	1
1crn	12,46	1
1crn	2,43	1
1crn	17,43	1
1crn	10,45	1
1crn	2,46	1
1crn	16,48	1
1crn	20,5	1
1crn	16,46	1
1crn	16,45	1
1crn	16,44	1
1crn	11,42	1
1crn	16,43	1
1crn	21,6	1
1crn	33,6	1
1crn	48,9	1
