protein	pair	frequency
1hhp	59,76	174
1hhp	60,78	172
1hhp	59,77	172
1hhp	59,78	172
1hhp	33,76	170
1hhp	57,78	170
1hhp	34,76	165
1hhp	58,78	164
1hhp	58,79	164
1hhp	31,58	159
1hhp	33,78	158
1hhp	60,76	157
1hhp	35,76	156
1hhp	37,76	154
1hhp	59,75	153
1hhp	57,79	152
1hhp	58,77	151
1hhp	36,76	147
1hhp	46,79	147
1hhp	60,79	147
1hhp	60,75	147
1hhp	33,79	146
1hhp	60,77	145
1hhp	31,59	143
1hhp	38,76	142
1hhp	33,61	141
1hhp	42,76	141
1hhp	39,78	140
1hhp	38,79	140
1hhp	33,58	140
1hhp	59,79	140
1hhp	34,58	139
1hhp	56,78	139
1hhp	32,60	137
1hhp	34,79	136
1hhp	39,76	135
1hhp	58,76	134
1hhp	43,76	132
1hhp	32,58	132
1hhp	45,77	129
1hhp	57,80	129
1hhp	41,78	128
1hhp	34,78	128
1hhp	39,79	128
1hhp	41,76	128
1hhp	46,78	128
1hhp	32,61	127
1hhp	40,78	127
1hhp	36,61	126
1hhp	33,60	125
1hhp	33,59	125
1hhp	57,82	125
1hhp	34,81	125
1hhp	57,77	124
1hhp	56,79	124
1hhp	55,78	124
1hhp	61,78	124
1hhp	41,79	123
1hhp	42,78	123
1hhp	31,61	123
1hhp	44,78	122
1hhp	42,79	122
1hhp	38,78	121
1hhp	43,78	121
1hhp	39,77	120
1hhp	38,77	120
1hhp	62,78	119
1hhp	57,95	118
1hhp	35,79	118
1hhp	45,79	118
1hhp	36,58	117
1hhp	32,45	117
1hhp	31,76	117
1hhp	45,78	117
1hhp	13,58	117
1hhp	58,82	116
1hhp	32,74	116
1hhp	31,88	115
1hhp	47,76	115
1hhp	62,76	115
1hhp	37,79	115
1hhp	60,80	114
1hhp	33,81	114
1hhp	30,58	114
1hhp	33,77	114
1hhp	58,75	114
1hhp	43,79	113
1hhp	35,59	113
1hhp	20,76	113
1hhp	43,77	113
1hhp	61,76	112
1hhp	46,76	112
1hhp	25,58	112
1hhp	58,6	112
1hhp	40,79	112
1hhp	55,79	112
1hhp	32,75	112
1hhp	61,77	111
1hhp	58,81	111
1hhp	60,74	110
1hhp	55,76	110
1hhp	31,60	110
1hhp	35,61	109
1hhp	40,76	109
1hhp	44,79	109
1hhp	34,59	109
1hhp	24,58	109
1hhp	32,59	108
1hhp	32,47	107
1hhp	36,79	107
1hhp	32,46	107
1hhp	30,76	107
1hhp	57,98	107
1hhp	35,81	106
1hhp	33,57	106
1hhp	60,82	105
1hhp	41,77	105
1hhp	60,81	105
1hhp	20,87	105
1hhp	36,59	105
1hhp	24,76	105
1hhp	31,74	105
1hhp	34,61	104
1hhp	55,77	104
1hhp	35,58	104
1hhp	34,77	103
1hhp	45,76	103
1hhp	31,57	103
1hhp	32,56	102
1hhp	54,76	102
1hhp	58,80	102
1hhp	57,81	102
1hhp	58,8	102
1hhp	61,79	102
1hhp	32,57	101
1hhp	37,78	100
1hhp	39,75	100
1hhp	20,85	100
1hhp	35,60	100
1hhp	33,74	100
1hhp	34,60	99
1hhp	47,79	99
1hhp	58,73	99
1hhp	23,58	99
1hhp	57,70	99
1hhp	62,77	99
1hhp	35,78	99
1hhp	44,76	99
1hhp	57,96	99
1hhp	37,58	98
1hhp	2,58	98
1hhp	44,77	98
1hhp	59,82	98
1hhp	26,58	97
1hhp	35,77	97
1hhp	3,58	96
1hhp	31,79	96
1hhp	57,76	96
1hhp	32,62	95
1hhp	63,76	95
1hhp	28,58	95
1hhp	57,71	95
1hhp	32,79	94
1hhp	20,61	94
1hhp	15,58	94
1hhp	5,58	93
1hhp	62,79	93
1hhp	19,58	93
1hhp	46,77	92
1hhp	10,58	92
1hhp	16,58	92
1hhp	38,59	92
1hhp	57,83	92
1hhp	58,7	92
1hhp	30,79	91
1hhp	12,58	91
1hhp	18,58	91
1hhp	57,97	91
1hhp	57,75	91
1hhp	59,74	90
1hhp	1,58	90
1hhp	20,74	90
1hhp	56,77	90
1hhp	11,58	90
1hhp	33,62	89
1hhp	20,79	89
1hhp	27,58	89
1hhp	39,80	89
1hhp	29,58	89
1hhp	38,58	89
1hhp	34,80	88
1hhp	36,81	88
1hhp	32,54	88
1hhp	22,58	88
1hhp	57,90	87
1hhp	57,86	87
1hhp	33,75	87
1hhp	30,61	87
1hhp	54,79	86
1hhp	33,46	86
1hhp	24,61	85
1hhp	59,81	85
1hhp	60,83	85
1hhp	47,78	85
1hhp	25,79	85
1hhp	57,89	85
1hhp	24,88	84
1hhp	32,63	84
1hhp	32,48	84
1hhp	4,58	84
1hhp	35,75	83
1hhp	58,9	83
1hhp	33,80	83
1hhp	54,78	83
1hhp	57,99	83
1hhp	37,77	82
1hhp	23,79	82
1hhp	24,79	82
1hhp	32,80	81
1hhp	59,80	81
1hhp	30,59	81
1hhp	100,57	81
1hhp	42,77	81
1hhp	17,58	81
1hhp	34,75	81
1hhp	63,78	81
1hhp	20,33	81
1hhp	21,58	81
1hhp	39,81	80
1hhp	24,89	80
1hhp	38,60	80
1hhp	57,72	80
1hhp	21,87	80
1hhp	36,60	79
1hhp	32,76	79
1hhp	57,91	79
1hhp	40,77	79
1hhp	36,78	79
1hhp	101,57	79
1hhp	35,80	79
1hhp	35,82	78
1hhp	24,77	78
1hhp	32,78	78
1hhp	63,79	78
1hhp	53,76	78
1hhp	57,85	78
1hhp	57,84	78
1hhp	14,61	78
1hhp	30,77	77
1hhp	57,73	77
1hhp	61,75	77
1hhp	31,78	77
1hhp	20,91	77
1hhp	54,77	77
1hhp	25,76	76
1hhp	40,80	76
1hhp	77,95	76
1hhp	33,63	76
1hhp	60,73	76
1hhp	14,58	76
1hhp	24,78	76
1hhp	37,61	75
1hhp	33,82	75
1hhp	20,88	75
1hhp	32,81	75
1hhp	32,49	75
1hhp	33,48	75
1hhp	15,61	74
1hhp	59,73	74
1hhp	20,58	74
1hhp	30,60	73
1hhp	57,93	73
1hhp	57,92	73
1hhp	20,59	73
1hhp	21,61	73
1hhp	58,99	73
1hhp	38,61	73
1hhp	24,64	72
1hhp	57,94	72
1hhp	22,87	72
1hhp	33,64	72
1hhp	58,74	72
1hhp	20,77	72
1hhp	29,76	71
1hhp	39,74	71
1hhp	27,61	71
1hhp	100,60	71
1hhp	61,9	71
1hhp	13,61	71
1hhp	42,80	70
1hhp	46,81	70
1hhp	37,81	70
1hhp	33,56	70
1hhp	33,47	70
1hhp	101,77	70
1hhp	58,83	70
1hhp	47,77	69
1hhp	35,62	69
1hhp	60,96	69
1hhp	52,79	69
1hhp	37,80	69
1hhp	34,88	69
1hhp	20,78	69
1hhp	61,8	69
1hhp	38,74	68
1hhp	25,61	68
1hhp	23,76	68
1hhp	38,62	68
1hhp	21,76	68
1hhp	14,76	68
1hhp	32,73	67
1hhp	32,77	67
1hhp	3,61	67
1hhp	32,50	67
1hhp	34,82	67
1hhp	61,7	67
1hhp	34,57	67
1hhp	53,77	67
1hhp	24,59	67
1hhp	15,79	67
1hhp	37,59	67
1hhp	101,58	66
1hhp	36,77	66
1hhp	34,74	66
1hhp	21,85	66
1hhp	26,79	66
1hhp	53,78	65
1hhp	38,80	65
1hhp	11,61	65
1hhp	33,87	65
1hhp	32,51	65
1hhp	32,53	65
1hhp	40,75	65
1hhp	21,59	65
1hhp	12,61	65
1hhp	38,75	64
1hhp	15,76	64
1hhp	3,59	64
1hhp	100,75	64
1hhp	43,74	64
1hhp	10,61	64
1hhp	31,75	64
1hhp	23,78	64
1hhp	56,73	64
1hhp	13,76	63
1hhp	58,98	63
1hhp	20,84	63
1hhp	27,78	63
1hhp	6,61	63
1hhp	25,78	63
1hhp	20,64	63
1hhp	32,55	63
1hhp	23,59	63
1hhp	22,85	63
1hhp	33,68	63
1hhp	46,80	63
1hhp	33,88	63
1hhp	15,78	62
1hhp	20,60	62
1hhp	39,73	62
1hhp	1,59	62
1hhp	24,60	62
1hhp	22,59	62
1hhp	78,98	62
1hhp	2,59	62
1hhp	19,33	62
1hhp	48,76	61
1hhp	26,78	61
1hhp	14,79	61
1hhp	33,89	61
1hhp	2,61	61
1hhp	36,75	61
1hhp	27,59	61
1hhp	20,83	61
1hhp	32,66	60
1hhp	16,59	60
1hhp	3,33	60
1hhp	59,8	60
1hhp	101,60	60
1hhp	16,61	60
1hhp	40,81	60
1hhp	31,47	60
1hhp	26,61	60
1hhp	37,75	60
1hhp	32,87	60
1hhp	13,79	60
1hhp	31,62	60
1hhp	4,78	60
1hhp	32,82	60
1hhp	36,57	60
1hhp	29,61	59
1hhp	26,76	59
1hhp	20,34	59
1hhp	11,34	59
1hhp	18,61	59
1hhp	32,68	59
1hhp	32,98	59
1hhp	39,59	59
1hhp	75,96	59
1hhp	31,56	59
1hhp	60,95	59
1hhp	16,78	59
1hhp	24,87	59
1hhp	28,76	58
1hhp	33,7	58
1hhp	20,44	58
1hhp	23,61	58
1hhp	3,78	58
1hhp	22,79	58
1hhp	48,78	58
1hhp	100,77	58
1hhp	63,77	58
1hhp	101,75	58
1hhp	47,81	58
1hhp	47,80	58
1hhp	27,76	58
1hhp	61,74	58
1hhp	12,64	58
1hhp	60,97	58
1hhp	22,88	58
1hhp	53,79	58
1hhp	30,78	58
1hhp	11,76	57
1hhp	38,82	57
1hhp	32,64	57
1hhp	32,67	57
1hhp	57,87	57
1hhp	14,34	57
1hhp	100,59	57
1hhp	58,72	57
1hhp	22,78	57
1hhp	41,80	57
1hhp	33,6	56
1hhp	21,77	56
1hhp	21,79	56
1hhp	36,62	56
1hhp	75,95	56
1hhp	2,79	56
1hhp	11,59	56
1hhp	56,81	56
1hhp	11,79	56
1hhp	6,76	56
1hhp	33,4	56
1hhp	13,33	56
1hhp	33,86	56
1hhp	32,65	56
1hhp	39,60	56
1hhp	12,78	56
1hhp	14,33	56
1hhp	56,75	55
1hhp	59,99	55
1hhp	37,74	55
1hhp	49,76	55
1hhp	77,99	55
1hhp	43,61	55
1hhp	36,74	55
1hhp	20,62	55
1hhp	2,76	55
1hhp	40,74	55
1hhp	47,74	55
1hhp	21,60	55
1hhp	75,97	55
1hhp	33,54	55
1hhp	31,87	55
1hhp	22,61	55
1hhp	5,61	54
1hhp	6,78	54
1hhp	60,9	54
1hhp	60,98	54
1hhp	4,79	54
1hhp	34,64	54
1hhp	34,62	54
1hhp	51,76	54
1hhp	12,60	54
1hhp	39,82	54
1hhp	28,78	54
1hhp	77,96	54
1hhp	27,79	54
1hhp	32,52	54
1hhp	58,96	54
1hhp	4,61	54
1hhp	13,59	54
1hhp	76,8	54
1hhp	1,76	54
1hhp	100,58	54
1hhp	28,61	54
1hhp	28,59	54
1hhp	36,87	54
1hhp	77,98	54
1hhp	36,88	54
1hhp	18,79	53
1hhp	3,76	53
1hhp	31,44	53
1hhp	33,99	53
1hhp	34,6	53
1hhp	33,49	53
1hhp	42,81	53
1hhp	31,77	53
1hhp	25,77	53
1hhp	56,76	53
1hhp	77,97	53
1hhp	38,81	53
1hhp	5,59	53
1hhp	29,79	53
1hhp	61,82	53
1hhp	59,72	53
1hhp	16,76	53
1hhp	33,66	53
1hhp	60,94	53
1hhp	59,83	52
1hhp	33,84	52
1hhp	58,94	52
1hhp	31,48	52
1hhp	101,78	52
1hhp	1,61	52
1hhp	34,87	52
1hhp	64,78	52
1hhp	1,60	52
1hhp	23,36	52
1hhp	43,80	52
1hhp	2,33	52
1hhp	21,64	52
1hhp	58,84	52
1hhp	75,99	52
1hhp	60,86	52
1hhp	18,78	52
1hhp	15,33	52
1hhp	21,36	52
1hhp	24,37	52
1hhp	59,6	52
1hhp	58,95	51
1hhp	11,64	51
1hhp	5,78	51
1hhp	58,97	51
1hhp	22,76	51
1hhp	61,80	51
1hhp	5,76	51
1hhp	31,45	51
1hhp	40,59	51
1hhp	33,55	51
1hhp	33,65	51
1hhp	33,73	51
1hhp	34,9	51
1hhp	65,79	51
1hhp	1,79	51
1hhp	101,32	51
1hhp	56,80	51
1hhp	60,93	51
1hhp	3,79	51
1hhp	10,59	50
1hhp	33,85	50
1hhp	20,89	50
1hhp	100,32	50
1hhp	26,59	50
1hhp	21,34	50
1hhp	64,77	50
1hhp	16,79	50
1hhp	78,8	50
1hhp	29,77	50
1hhp	50,79	50
1hhp	78,99	50
1hhp	4,59	50
1hhp	35,57	50
1hhp	29,78	49
1hhp	17,76	49
1hhp	31,80	49
1hhp	58,86	49
1hhp	43,75	49
1hhp	49,79	49
1hhp	48,79	49
1hhp	19,59	49
1hhp	100,33	49
1hhp	11,77	49
1hhp	36,73	49
1hhp	16,60	49
1hhp	2,78	49
1hhp	75,89	49
1hhp	21,78	49
1hhp	76,95	49
1hhp	33,9	49
1hhp	60,99	49
1hhp	32,99	49
1hhp	31,89	49
1hhp	75,98	49
1hhp	13,60	48
1hhp	3,60	48
1hhp	101,59	48
1hhp	35,87	48
1hhp	2,77	48
1hhp	33,67	48
1hhp	14,59	48
1hhp	36,80	48
1hhp	3,77	48
1hhp	59,96	48
1hhp	43,62	48
1hhp	75,90	48
1hhp	21,35	48
1hhp	59,84	48
1hhp	13,78	48
1hhp	34,85	48
1hhp	38,73	48
1hhp	24,86	48
1hhp	23,64	48
1hhp	22,60	48
1hhp	25,60	48
1hhp	32,88	48
1hhp	19,61	48
1hhp	24,82	48
1hhp	12,59	48
1hhp	24,85	48
1hhp	1,34	48
1hhp	42,74	47
1hhp	4,76	47
1hhp	100,78	47
1hhp	78,96	47
1hhp	20,81	47
1hhp	45,61	47
1hhp	32,86	47
1hhp	18,76	47
1hhp	41,74	47
1hhp	7,76	47
1hhp	2,60	47
1hhp	79,9	47
1hhp	31,63	47
1hhp	7,79	47
1hhp	15,59	47
1hhp	33,70	46
1hhp	32,95	46
1hhp	23,60	46
1hhp	65,78	46
1hhp	44,74	46
1hhp	43,60	46
1hhp	47,61	46
1hhp	47,82	46
1hhp	78,9	46
1hhp	12,79	46
1hhp	57,88	46
1hhp	78,94	46
1hhp	59,95	46
1hhp	14,78	46
1hhp	11,78	46
1hhp	60,7	46
1hhp	37,60	46
1hhp	36,82	46
1hhp	76,96	46
1hhp	5,79	45
1hhp	14,60	45
1hhp	35,85	45
1hhp	5,77	45
1hhp	60,84	45
1hhp	60,85	45
1hhp	17,59	45
1hhp	24,38	45
1hhp	52,77	45
1hhp	55,80	45
1hhp	49,78	45
1hhp	6,79	45
1hhp	58,91	45
1hhp	39,58	45
1hhp	35,48	45
1hhp	17,61	44
1hhp	33,98	44
1hhp	33,5	44
1hhp	76,99	44
1hhp	4,60	44
1hhp	33,97	44
1hhp	22,89	44
1hhp	43,63	44
1hhp	20,86	44
1hhp	35,88	44
1hhp	20,43	44
1hhp	33,8	44
1hhp	43,83	44
1hhp	21,91	44
1hhp	44,81	44
1hhp	24,91	44
1hhp	52,78	44
1hhp	33,83	44
1hhp	15,77	44
1hhp	43,81	44
1hhp	28,60	43
1hhp	77,8	43
1hhp	45,80	43
1hhp	78,97	43
1hhp	34,5	43
1hhp	7,78	43
1hhp	38,63	43
1hhp	58,93	43
1hhp	27,60	43
1hhp	6,77	43
1hhp	21,37	43
1hhp	40,83	43
1hhp	35,89	43
1hhp	12,76	43
1hhp	58,71	43
1hhp	58,85	43
1hhp	29,59	43
1hhp	29,60	43
1hhp	75,91	42
1hhp	3,34	42
1hhp	35,74	42
1hhp	33,53	42
1hhp	60,91	42
1hhp	35,84	42
1hhp	2,34	42
1hhp	37,82	42
1hhp	10,76	42
1hhp	13,34	42
1hhp	77,9	42
1hhp	10,78	42
1hhp	5,60	42
1hhp	47,62	42
1hhp	34,84	42
1hhp	10,34	42
1hhp	34,83	42
1hhp	18,59	42
1hhp	30,80	42
1hhp	37,85	42
1hhp	35,56	42
1hhp	79,8	41
1hhp	52,76	41
1hhp	33,50	41
1hhp	101,76	41
1hhp	26,77	41
1hhp	24,43	41
1hhp	30,75	41
1hhp	10,79	41
1hhp	38,57	41
1hhp	1,78	41
1hhp	24,40	41
1hhp	15,60	41
1hhp	37,57	41
1hhp	4,77	41
1hhp	59,97	41
1hhp	36,56	41
1hhp	45,58	41
1hhp	32,89	41
1hhp	60,8	41
1hhp	77,90	41
1hhp	37,62	41
1hhp	32,97	41
1hhp	32,90	41
1hhp	55,75	41
1hhp	35,64	41
1hhp	34,63	41
1hhp	35,63	41
1hhp	50,76	41
1hhp	17,78	41
1hhp	47,83	41
1hhp	61,81	40
1hhp	31,81	40
1hhp	21,88	40
1hhp	32,91	40
1hhp	75,88	40
1hhp	22,77	40
1hhp	45,81	40
1hhp	39,83	40
1hhp	1,33	40
1hhp	42,75	40
1hhp	12,33	40
1hhp	100,76	40
1hhp	24,83	40
1hhp	44,80	40
1hhp	36,63	40
1hhp	37,87	40
1hhp	59,9	40
1hhp	21,89	39
1hhp	43,58	39
1hhp	20,57	39
1hhp	11,33	39
1hhp	35,73	39
1hhp	59,98	39
1hhp	46,61	39
1hhp	33,72	39
1hhp	36,68	39
1hhp	39,61	39
1hhp	17,79	39
1hhp	16,77	39
1hhp	36,64	39
1hhp	18,33	39
1hhp	28,77	39
1hhp	43,82	39
1hhp	32,72	39
1hhp	24,41	39
1hhp	35,83	39
1hhp	59,7	39
1hhp	33,91	39
1hhp	23,89	39
1hhp	24,57	39
1hhp	30,57	39
1hhp	33,95	39
1hhp	16,33	39
1hhp	32,96	39
1hhp	32,85	39
1hhp	59,86	38
1hhp	59,89	38
1hhp	3,57	38
1hhp	33,69	38
1hhp	42,82	38
1hhp	20,92	38
1hhp	76,9	38
1hhp	34,7	38
1hhp	14,88	38
1hhp	46,74	38
1hhp	78,95	38
1hhp	56,86	38
1hhp	17,77	38
1hhp	59,90	38
1hhp	75,94	37
1hhp	39,57	37
1hhp	24,84	37
1hhp	19,79	37
1hhp	57,74	37
1hhp	22,35	37
1hhp	34,89	37
1hhp	28,79	37
1hhp	20,90	37
1hhp	4,87	37
1hhp	25,89	37
1hhp	54,80	37
1hhp	23,86	37
1hhp	59,87	37
1hhp	64,79	37
1hhp	76,89	37
1hhp	27,77	37
1hhp	43,59	37
1hhp	62,80	37
1hhp	26,87	37
1hhp	60,87	37
1hhp	41,75	37
1hhp	32,69	37
1hhp	12,34	36
1hhp	42,56	36
1hhp	40,60	36
1hhp	24,81	36
1hhp	31,46	36
1hhp	28,89	36
1hhp	63,87	36
1hhp	6,60	36
1hhp	24,42	36
1hhp	11,62	36
1hhp	66,79	36
1hhp	33,90	36
1hhp	60,89	36
1hhp	19,78	36
1hhp	10,33	36
1hhp	47,75	36
1hhp	33,93	36
1hhp	26,60	36
1hhp	20,36	36
1hhp	22,64	35
1hhp	78,91	35
1hhp	33,94	35
1hhp	35,65	35
1hhp	60,92	35
1hhp	45,74	35
1hhp	26,88	35
1hhp	24,44	35
1hhp	51,79	35
1hhp	23,57	35
1hhp	25,59	35
1hhp	30,74	35
1hhp	32,83	35
1hhp	18,60	35
1hhp	46,75	35
1hhp	23,77	35
1hhp	30,64	35
1hhp	59,85	35
1hhp	14,77	35
1hhp	30,81	35
1hhp	11,36	35
1hhp	11,60	35
1hhp	19,76	35
1hhp	25,4	35
1hhp	41,81	35
1hhp	48,61	35
1hhp	33,51	35
1hhp	63,80	34
1hhp	20,35	34
1hhp	76,98	34
1hhp	77,91	34
1hhp	60,90	34
1hhp	38,64	34
1hhp	41,58	34
1hhp	31,82	34
1hhp	21,74	34
1hhp	10,77	34
1hhp	40,57	34
1hhp	24,63	34
1hhp	32,94	34
1hhp	24,90	34
1hhp	31,55	34
1hhp	1,77	34
1hhp	21,44	34
1hhp	56,99	34
1hhp	18,77	34
1hhp	23,37	34
1hhp	34,47	34
1hhp	34,4	34
1hhp	20,80	34
1hhp	41,82	34
1hhp	77,94	34
1hhp	24,95	33
1hhp	40,73	33
1hhp	30,48	33
1hhp	43,56	33
1hhp	29,57	33
1hhp	101,33	33
1hhp	30,88	33
1hhp	24,39	33
1hhp	21,38	33
1hhp	41,83	33
1hhp	17,33	33
1hhp	23,85	33
1hhp	23,88	33
1hhp	12,77	33
1hhp	37,73	33
1hhp	13,77	33
1hhp	58,90	33
1hhp	40,82	33
1hhp	74,88	33
1hhp	50,78	33
1hhp	47,84	32
1hhp	77,92	32
1hhp	39,55	32
1hhp	31,85	32
1hhp	33,96	32
1hhp	41,73	32
1hhp	31,86	32
1hhp	42,59	32
1hhp	22,86	32
1hhp	72,88	32
1hhp	54,75	32
1hhp	39,88	32
1hhp	31,54	32
1hhp	19,77	32
1hhp	36,85	32
1hhp	24,92	32
1hhp	62,75	32
1hhp	38,87	32
1hhp	24,93	32
1hhp	25,88	32
1hhp	44,75	32
1hhp	47,73	31
1hhp	56,74	31
1hhp	20,82	31
1hhp	44,61	31
1hhp	78,93	31
1hhp	34,86	31
1hhp	21,62	31
1hhp	35,68	31
1hhp	39,56	31
1hhp	22,83	31
1hhp	46,63	31
1hhp	63,88	31
1hhp	38,88	31
1hhp	78,92	31
1hhp	21,43	31
1hhp	39,95	31
1hhp	42,55	31
1hhp	101,56	31
1hhp	100,56	31
1hhp	14,87	31
1hhp	14,64	31
1hhp	36,83	31
1hhp	48,77	31
1hhp	7,77	31
1hhp	24,72	31
1hhp	30,44	31
1hhp	45,75	31
1hhp	34,56	31
1hhp	58,89	31
1hhp	24,62	31
1hhp	46,62	30
1hhp	4,88	30
1hhp	20,63	30
1hhp	20,37	30
1hhp	24,75	30
1hhp	34,8	30
1hhp	45,60	30
1hhp	47,60	30
1hhp	56,85	30
1hhp	58,92	30
1hhp	39,53	30
1hhp	60,88	30
1hhp	27,57	30
1hhp	38,83	29
1hhp	76,97	29
1hhp	34,68	29
1hhp	12,36	29
1hhp	39,54	29
1hhp	30,62	29
1hhp	23,80	29
1hhp	29,89	29
1hhp	26,57	29
1hhp	18,57	29
1hhp	25,87	29
1hhp	24,56	29
1hhp	25,85	29
1hhp	17,60	29
1hhp	22,36	29
1hhp	19,87	29
1hhp	76,90	29
1hhp	34,55	29
1hhp	59,88	29
1hhp	38,55	29
1hhp	34,73	29
1hhp	13,57	29
1hhp	42,83	29
1hhp	77,93	29
1hhp	24,94	28
1hhp	26,85	28
1hhp	10,60	28
1hhp	58,87	28
1hhp	24,74	28
1hhp	56,95	28
1hhp	42,60	28
1hhp	57,8	28
1hhp	25,64	28
1hhp	39,52	28
1hhp	40,58	28
1hhp	25,57	28
1hhp	37,88	28
1hhp	22,40	28
1hhp	37,83	28
1hhp	22,91	28
1hhp	4,57	28
1hhp	39,64	28
1hhp	55,74	28
1hhp	15,40	28
1hhp	39,68	28
1hhp	32,71	28
1hhp	20,75	28
1hhp	50,77	28
1hhp	34,48	28
1hhp	24,80	27
1hhp	23,87	27
1hhp	56,71	27
1hhp	43,88	27
1hhp	76,94	27
1hhp	59,92	27
1hhp	11,87	27
1hhp	36,55	27
1hhp	59,93	27
1hhp	57,9	27
1hhp	36,67	27
1hhp	42,73	27
1hhp	75,93	27
1hhp	56,84	27
1hhp	22,57	27
1hhp	40,6	27
1hhp	51,78	27
1hhp	35,72	27
1hhp	46,82	27
1hhp	51,77	26
1hhp	25,5	26
1hhp	46,83	26
1hhp	36,84	26
1hhp	24,55	26
1hhp	11,35	26
1hhp	44,83	26
1hhp	26,89	26
1hhp	33,52	26
1hhp	44,82	26
1hhp	3,40	26
1hhp	56,94	26
1hhp	23,62	26
1hhp	12,63	26
1hhp	36,72	26
1hhp	46,60	26
1hhp	21,40	26
1hhp	12,62	26
1hhp	14,89	26
1hhp	23,48	26
1hhp	2,57	26
1hhp	38,72	26
1hhp	23,91	26
1hhp	20,94	26
1hhp	56,72	26
1hhp	33,92	26
1hhp	5,88	25
1hhp	63,81	25
1hhp	10,57	25
1hhp	24,73	25
1hhp	32,92	25
1hhp	24,65	25
1hhp	11,37	25
1hhp	39,72	25
1hhp	32,93	25
1hhp	40,56	25
1hhp	43,64	25
1hhp	44,59	25
1hhp	18,64	25
1hhp	20,70	25
1hhp	44,57	25
1hhp	43,68	25
1hhp	46,59	25
1hhp	43,73	25
1hhp	38,56	25
1hhp	2,40	25
1hhp	56,70	25
1hhp	56,96	25
1hhp	31,64	25
1hhp	20,65	25
1hhp	49,77	25
1hhp	45,63	25
1hhp	34,65	24
1hhp	11,44	24
1hhp	41,59	24
1hhp	13,88	24
1hhp	30,43	24
1hhp	25,86	24
1hhp	28,88	24
1hhp	21,84	24
1hhp	15,34	24
1hhp	11,40	24
1hhp	28,87	24
1hhp	76,91	24
1hhp	37,84	24
1hhp	14,62	24
1hhp	42,58	24
1hhp	45,62	24
1hhp	34,54	24
1hhp	55,81	24
1hhp	24,66	24
1hhp	11,70	24
1hhp	23,82	24
1hhp	32,84	24
1hhp	13,36	24
1hhp	15,57	24
1hhp	23,38	24
1hhp	24,45	24
1hhp	63,82	24
1hhp	24,47	24
1hhp	71,88	24
1hhp	61,85	24
1hhp	32,70	24
1hhp	39,98	24
1hhp	37,89	24
1hhp	24,48	24
1hhp	29,88	24
1hhp	21,57	23
1hhp	34,90	23
1hhp	21,63	23
1hhp	56,98	23
1hhp	47,95	23
1hhp	14,36	23
1hhp	33,71	23
1hhp	11,88	23
1hhp	34,91	23
1hhp	55,82	23
1hhp	39,94	23
1hhp	21,39	23
1hhp	43,84	23
1hhp	35,5	23
1hhp	43,85	23
1hhp	76,93	23
1hhp	75,92	23
1hhp	59,91	23
1hhp	21,83	23
1hhp	35,67	23
1hhp	87,9	23
1hhp	20,40	23
1hhp	35,9	23
1hhp	48,81	23
1hhp	48,80	23
1hhp	15,63	23
1hhp	62,82	23
1hhp	24,54	23
1hhp	55,73	23
1hhp	41,84	22
1hhp	13,43	22
1hhp	10,35	22
1hhp	5,87	22
1hhp	56,69	22
1hhp	59,94	22
1hhp	27,87	22
1hhp	14,75	22
1hhp	40,8	22
1hhp	22,37	22
1hhp	27,40	22
1hhp	25,83	22
1hhp	39,87	22
1hhp	4,40	22
1hhp	101,61	22
1hhp	21,42	22
1hhp	49,62	22
1hhp	13,35	22
1hhp	22,63	22
1hhp	47,63	22
1hhp	30,45	22
1hhp	36,89	22
1hhp	44,60	22
1hhp	56,88	22
1hhp	30,47	22
1hhp	22,84	22
1hhp	56,87	22
1hhp	30,87	22
1hhp	38,71	22
1hhp	61,83	22
1hhp	11,39	22
1hhp	29,87	22
1hhp	47,88	22
1hhp	4,85	21
1hhp	27,88	21
1hhp	39,85	21
1hhp	58,88	21
1hhp	16,40	21
1hhp	46,85	21
1hhp	38,85	21
1hhp	35,49	21
1hhp	20,38	21
1hhp	100,24	21
1hhp	2,25	21
1hhp	22,39	21
1hhp	5,57	21
1hhp	25,40	21
1hhp	56,82	21
1hhp	11,47	21
1hhp	45,82	21
1hhp	13,44	21
1hhp	34,72	21
1hhp	44,62	21
1hhp	24,49	21
1hhp	24,46	21
1hhp	21,48	21
1hhp	24,70	21
1hhp	24,99	21
1hhp	62,88	21
1hhp	12,70	21
1hhp	18,88	21
1hhp	14,57	21
1hhp	11,57	20
1hhp	21,86	20
1hhp	56,83	20
1hhp	39,99	20
1hhp	12,40	20
1hhp	22,38	20
1hhp	47,71	20
1hhp	22,80	20
1hhp	22,43	20
1hhp	11,89	20
1hhp	20,39	20
1hhp	40,85	20
1hhp	41,88	20
1hhp	22,82	20
1hhp	25,3	20
1hhp	16,57	20
1hhp	42,95	20
1hhp	22,44	20
1hhp	31,65	20
1hhp	54,74	20
1hhp	13,63	20
1hhp	36,65	20
1hhp	41,85	20
1hhp	18,40	20
1hhp	100,61	20
1hhp	56,91	20
1hhp	14,35	20
1hhp	40,87	20
1hhp	34,93	20
1hhp	31,49	20
1hhp	36,71	20
1hhp	35,86	19
1hhp	70,88	19
1hhp	42,88	19
1hhp	35,55	19
1hhp	19,60	19
1hhp	42,85	19
1hhp	6,88	19
1hhp	15,87	19
1hhp	42,84	19
1hhp	101,24	19
1hhp	39,69	19
1hhp	1,57	19
1hhp	23,40	19
1hhp	23,65	19
1hhp	47,64	19
1hhp	101,39	19
1hhp	23,63	19
1hhp	37,64	19
1hhp	43,87	19
1hhp	48,8	19
1hhp	20,42	19
1hhp	21,81	19
1hhp	25,47	19
1hhp	26,40	19
1hhp	35,90	19
1hhp	38,65	19
1hhp	73,88	19
1hhp	31,73	19
1hhp	36,98	19
1hhp	26,82	19
1hhp	39,71	19
1hhp	38,68	19
1hhp	25,38	19
1hhp	56,89	19
1hhp	31,83	19
1hhp	38,84	19
1hhp	56,97	19
1hhp	21,82	19
1hhp	1,25	18
1hhp	29,74	18
1hhp	39,67	18
1hhp	28,57	18
1hhp	40,89	18
1hhp	29,81	18
1hhp	42,87	18
1hhp	38,53	18
1hhp	23,47	18
1hhp	23,44	18
1hhp	12,57	18
1hhp	12,88	18
1hhp	13,48	18
1hhp	21,80	18
1hhp	63,83	18
1hhp	21,41	18
1hhp	20,93	18
1hhp	20,72	18
1hhp	46,73	18
1hhp	36,54	18
1hhp	36,49	18
1hhp	19,57	18
1hhp	17,34	18
1hhp	34,66	18
1hhp	34,71	18
1hhp	17,40	18
1hhp	17,57	18
1hhp	39,96	18
1hhp	54,82	18
1hhp	100,39	18
1hhp	43,93	18
1hhp	56,90	18
1hhp	68,88	18
1hhp	26,48	18
1hhp	44,63	18
1hhp	30,89	18
1hhp	43,57	18
1hhp	25,82	18
1hhp	25,6	18
1hhp	39,63	17
1hhp	67,88	17
1hhp	43,72	17
1hhp	35,91	17
1hhp	20,71	17
1hhp	24,67	17
1hhp	29,44	17
1hhp	35,96	17
1hhp	34,50	17
1hhp	61,99	17
1hhp	14,74	17
1hhp	19,88	17
1hhp	30,73	17
1hhp	47,89	17
1hhp	30,63	17
1hhp	61,88	17
1hhp	29,85	17
1hhp	61,91	17
1hhp	35,54	17
1hhp	29,80	17
1hhp	14,91	17
1hhp	61,94	17
1hhp	14,72	17
1hhp	11,38	17
1hhp	39,97	17
1hhp	23,74	17
1hhp	40,55	17
1hhp	37,86	17
1hhp	1,62	17
1hhp	23,81	17
1hhp	44,64	17
1hhp	37,72	17
1hhp	38,54	17
1hhp	40,84	17
1hhp	12,35	17
1hhp	37,56	17
1hhp	36,91	17
1hhp	40,5	17
1hhp	24,50	17
1hhp	76,92	17
1hhp	21,47	17
1hhp	21,45	17
1hhp	31,50	17
1hhp	20,95	17
1hhp	35,53	16
1hhp	34,94	16
1hhp	34,95	16
1hhp	35,70	16
1hhp	40,7	16
1hhp	34,67	16
1hhp	41,55	16
1hhp	39,84	16
1hhp	35,71	16
1hhp	40,9	16
1hhp	34,49	16
1hhp	37,68	16
1hhp	36,51	16
1hhp	40,88	16
1hhp	31,53	16
1hhp	39,9	16
1hhp	23,41	16
1hhp	74,87	16
1hhp	62,81	16
1hhp	100,87	16
1hhp	46,66	16
1hhp	20,68	16
1hhp	57,6	16
1hhp	2,44	16
1hhp	25,91	16
1hhp	47,70	16
1hhp	19,62	16
1hhp	19,40	16
1hhp	61,95	16
1hhp	48,88	16
1hhp	48,9	16
1hhp	12,47	16
1hhp	16,88	16
1hhp	43,67	16
1hhp	23,83	16
1hhp	15,88	16
1hhp	15,43	16
1hhp	14,63	16
1hhp	64,85	16
1hhp	20,48	16
1hhp	100,43	16
1hhp	23,43	16
1hhp	23,56	16
1hhp	10,62	16
1hhp	25,43	16
1hhp	29,62	16
1hhp	23,93	16
1hhp	45,85	16
1hhp	23,45	16
1hhp	30,82	15
1hhp	61,84	15
1hhp	35,66	15
1hhp	45,59	15
1hhp	27,44	15
1hhp	26,86	15
1hhp	61,87	15
1hhp	35,95	15
1hhp	44,88	15
1hhp	14,92	15
1hhp	22,81	15
1hhp	24,4	15
1hhp	17,64	15
1hhp	22,74	15
1hhp	21,72	15
1hhp	61,97	15
1hhp	47,99	15
1hhp	40,53	15
1hhp	24,52	15
1hhp	47,72	15
1hhp	24,71	15
1hhp	24,98	15
1hhp	20,47	15
1hhp	14,40	15
1hhp	25,44	15
1hhp	46,64	15
1hhp	45,87	15
1hhp	62,9	15
1hhp	3,36	15
1hhp	23,75	15
1hhp	12,44	15
1hhp	37,71	15
1hhp	38,89	15
1hhp	38,86	15
1hhp	39,86	15
1hhp	13,39	15
1hhp	100,34	15
1hhp	38,96	15
1hhp	37,55	15
1hhp	37,50	15
1hhp	3,48	15
1hhp	39,62	15
1hhp	10,87	15
1hhp	62,85	15
1hhp	3,62	15
1hhp	36,9	15
1hhp	39,89	15
1hhp	39,70	15
1hhp	41,62	15
1hhp	36,86	15
1hhp	64,80	15
1hhp	64,9	14
1hhp	13,91	14
1hhp	25,48	14
1hhp	11,72	14
1hhp	3,41	14
1hhp	20,45	14
1hhp	101,46	14
1hhp	46,87	14
1hhp	25,62	14
1hhp	57,7	14
1hhp	20,66	14
1hhp	25,45	14
1hhp	31,67	14
1hhp	24,97	14
1hhp	100,42	14
1hhp	39,65	14
1hhp	23,66	14
1hhp	29,86	14
1hhp	44,85	14
1hhp	1,35	14
1hhp	4,89	14
1hhp	32,8	14
1hhp	22,92	14
1hhp	45,64	14
1hhp	41,71	14
1hhp	22,6	14
1hhp	24,51	14
1hhp	31,84	14
1hhp	24,69	14
1hhp	26,4	14
1hhp	45,84	14
1hhp	25,41	14
1hhp	47,87	14
1hhp	13,87	14
1hhp	12,45	14
1hhp	73,87	14
1hhp	42,99	14
1hhp	74,89	14
1hhp	15,44	14
1hhp	67,80	14
1hhp	43,65	14
1hhp	16,87	14
1hhp	27,62	14
1hhp	55,86	14
1hhp	43,71	14
1hhp	36,52	14
1hhp	55,88	14
1hhp	14,85	14
1hhp	15,62	14
1hhp	53,80	14
1hhp	40,72	14
1hhp	49,63	14
1hhp	48,5	14
1hhp	36,66	14
1hhp	27,85	14
1hhp	63,84	14
1hhp	27,89	14
1hhp	30,46	14
1hhp	14,43	13
1hhp	22,47	13
1hhp	22,48	13
1hhp	14,32	13
1hhp	6,87	13
1hhp	13,82	13
1hhp	35,99	13
1hhp	62,83	13
1hhp	1,40	13
1hhp	22,72	13
1hhp	36,50	13
1hhp	23,42	13
1hhp	13,62	13
1hhp	14,81	13
1hhp	11,91	13
1hhp	4,47	13
1hhp	45,83	13
1hhp	46,84	13
1hhp	47,86	13
1hhp	61,98	13
1hhp	11,94	13
1hhp	11,85	13
1hhp	61,96	13
1hhp	11,63	13
1hhp	2,35	13
1hhp	12,38	13
1hhp	38,69	13
1hhp	18,34	13
1hhp	46,86	13
1hhp	56,92	13
1hhp	4,48	13
1hhp	20,56	13
1hhp	17,62	13
1hhp	46,72	13
1hhp	12,48	13
1hhp	101,40	13
1hhp	100,46	13
1hhp	12,75	13
1hhp	12,85	13
1hhp	19,34	13
1hhp	50,63	13
1hhp	16,34	13
1hhp	19,43	13
1hhp	47,68	13
1hhp	41,8	13
1hhp	63,91	13
1hhp	40,94	13
1hhp	41,87	13
1hhp	25,74	13
1hhp	25,66	13
1hhp	42,62	13
1hhp	42,72	13
1hhp	24,5	13
1hhp	40,61	13
1hhp	31,51	13
1hhp	42,57	13
1hhp	63,95	13
1hhp	23,90	13
1hhp	29,47	13
1hhp	62,99	13
1hhp	28,86	13
1hhp	40,62	13
1hhp	41,56	13
1hhp	40,64	13
1hhp	62,87	13
1hhp	46,70	12
1hhp	12,87	12
1hhp	12,68	12
1hhp	28,85	12
1hhp	12,65	12
1hhp	21,70	12
1hhp	12,89	12
1hhp	7,87	12
1hhp	13,47	12
1hhp	63,89	12
1hhp	55,83	12
1hhp	21,66	12
1hhp	37,6	12
1hhp	37,51	12
1hhp	29,83	12
1hhp	46,88	12
1hhp	35,94	12
1hhp	26,44	12
1hhp	18,63	12
1hhp	26,39	12
1hhp	34,70	12
1hhp	43,69	12
1hhp	17,32	12
1hhp	19,44	12
1hhp	5,85	12
1hhp	66,88	12
1hhp	15,48	12
1hhp	19,85	12
1hhp	36,95	12
1hhp	42,93	12
1hhp	54,73	12
1hhp	27,91	12
1hhp	36,70	12
1hhp	13,89	12
1hhp	46,96	12
1hhp	63,85	12
1hhp	13,74	12
1hhp	54,81	12
1hhp	36,90	12
1hhp	36,94	12
1hhp	46,71	12
1hhp	23,94	12
1hhp	44,84	12
1hhp	101,34	12
1hhp	64,87	12
1hhp	23,4	12
1hhp	100,63	12
1hhp	23,39	12
1hhp	10,88	12
1hhp	23,49	12
1hhp	63,97	12
1hhp	3,39	12
1hhp	41,72	12
1hhp	3,37	12
1hhp	24,3	12
1hhp	69,88	12
1hhp	38,93	12
1hhp	22,94	12
1hhp	38,98	12
1hhp	39,5	12
1hhp	3,44	12
1hhp	24,68	12
1hhp	41,61	12
1hhp	40,86	12
1hhp	11,48	12
1hhp	25,39	12
1hhp	23,50	12
1hhp	22,4	12
1hhp	23,95	12
1hhp	24,53	12
1hhp	38,70	12
1hhp	22,56	12
1hhp	1,88	12
1hhp	10,40	11
1hhp	10,36	11
1hhp	27,63	11
1hhp	35,98	11
1hhp	35,8	11
1hhp	40,68	11
1hhp	15,42	11
1hhp	39,4	11
1hhp	11,83	11
1hhp	88,9	11
1hhp	39,66	11
1hhp	1,36	11
1hhp	18,62	11
1hhp	1,44	11
1hhp	34,97	11
1hhp	6,63	11
1hhp	34,99	11
1hhp	43,86	11
1hhp	43,70	11
1hhp	72,87	11
1hhp	26,62	11
1hhp	72,89	11
1hhp	26,64	11
1hhp	30,83	11
1hhp	6,62	11
1hhp	61,86	11
1hhp	36,8	11
1hhp	15,36	11
1hhp	30,56	11
1hhp	38,6	11
1hhp	11,75	11
1hhp	41,89	11
1hhp	63,92	11
1hhp	37,8	11
1hhp	11,43	11
1hhp	42,61	11
1hhp	101,43	11
1hhp	101,36	11
1hhp	37,66	11
1hhp	37,63	11
1hhp	55,71	11
1hhp	8,87	11
1hhp	13,41	11
1hhp	54,88	11
1hhp	4,56	11
1hhp	37,53	11
1hhp	100,35	11
1hhp	38,92	11
1hhp	42,68	11
1hhp	13,80	11
1hhp	13,81	11
1hhp	11,81	11
1hhp	65,88	11
1hhp	14,37	11
1hhp	27,86	11
1hhp	53,88	11
1hhp	14,73	11
1hhp	36,6	11
1hhp	71,93	11
1hhp	15,74	11
1hhp	25,81	11
1hhp	22,93	11
1hhp	46,90	11
1hhp	22,5	11
1hhp	22,45	11
1hhp	24,96	11
1hhp	47,85	11
1hhp	2,88	11
1hhp	34,69	11
1hhp	7,88	11
1hhp	43,94	11
1hhp	21,75	11
1hhp	47,67	11
1hhp	25,94	11
1hhp	44,66	11
1hhp	20,73	11
1hhp	46,67	11
1hhp	40,54	11
1hhp	43,98	11
1hhp	25,90	11
1hhp	48,62	11
1hhp	47,69	11
1hhp	32,5	11
1hhp	44,87	11
1hhp	47,93	11
1hhp	70,87	10
1hhp	37,7	10
1hhp	14,39	10
1hhp	20,41	10
1hhp	20,55	10
1hhp	12,93	10
1hhp	44,58	10
1hhp	13,92	10
1hhp	43,99	10
1hhp	28,62	10
1hhp	2,24	10
1hhp	2,38	10
1hhp	3,87	10
1hhp	47,5	10
1hhp	13,85	10
1hhp	42,71	10
1hhp	46,95	10
1hhp	42,64	10
1hhp	46,94	10
1hhp	62,7	10
1hhp	25,84	10
1hhp	12,72	10
1hhp	54,87	10
1hhp	46,93	10
1hhp	54,85	10
1hhp	2,62	10
1hhp	12,81	10
1hhp	12,43	10
1hhp	46,68	10
1hhp	10,37	10
1hhp	38,94	10
1hhp	100,31	10
1hhp	22,95	10
1hhp	23,99	10
1hhp	29,64	10
1hhp	44,95	10
1hhp	1,63	10
1hhp	31,91	10
1hhp	23,6	10
1hhp	41,57	10
1hhp	23,70	10
1hhp	1,38	10
1hhp	6,80	10
1hhp	29,75	10
1hhp	100,36	10
1hhp	22,71	10
1hhp	21,46	10
1hhp	21,92	10
1hhp	41,94	10
1hhp	28,82	10
1hhp	21,65	10
1hhp	12,39	10
1hhp	55,98	10
1hhp	21,71	10
1hhp	11,80	10
1hhp	22,66	10
1hhp	45,86	10
1hhp	25,42	10
1hhp	11,41	10
1hhp	29,48	10
1hhp	3,45	10
1hhp	3,43	10
1hhp	27,82	10
1hhp	48,7	10
1hhp	5,86	10
1hhp	15,39	10
1hhp	36,4	10
1hhp	27,64	10
1hhp	47,7	10
1hhp	35,97	10
1hhp	70,89	10
1hhp	34,98	10
1hhp	47,96	10
1hhp	35,50	10
1hhp	18,32	10
1hhp	17,88	10
1hhp	15,75	10
1hhp	43,89	10
1hhp	27,48	10
1hhp	40,67	10
1hhp	16,39	10
1hhp	70,91	10
1hhp	50,80	10
1hhp	43,91	10
1hhp	19,64	10
1hhp	5,62	10
1hhp	16,63	10
1hhp	26,91	10
1hhp	26,80	10
1hhp	26,42	10
1hhp	35,93	10
1hhp	42,94	10
1hhp	48,82	10
1hhp	42,89	10
1hhp	19,89	10
1hhp	18,44	10
1hhp	30,55	10
1hhp	14,80	10
1hhp	34,51	10
1hhp	44,89	9
1hhp	1,39	9
1hhp	11,56	9
1hhp	49,88	9
1hhp	48,6	9
1hhp	6,64	9
1hhp	63,94	9
1hhp	11,71	9
1hhp	30,85	9
1hhp	48,74	9
1hhp	30,86	9
1hhp	69,89	9
1hhp	23,71	9
1hhp	23,72	9
1hhp	25,49	9
1hhp	11,74	9
1hhp	64,88	9
1hhp	25,54	9
1hhp	48,63	9
1hhp	71,89	9
1hhp	21,90	9
1hhp	35,7	9
1hhp	21,73	9
1hhp	56,6	9
1hhp	38,52	9
1hhp	39,90	9
1hhp	39,93	9
1hhp	32,6	9
1hhp	22,62	9
1hhp	61,93	9
1hhp	101,47	9
1hhp	10,39	9
1hhp	48,83	9
1hhp	23,53	9
1hhp	10,42	9
1hhp	63,98	9
1hhp	9,91	9
1hhp	10,63	9
1hhp	72,85	9
1hhp	1,48	9
1hhp	32,4	9
1hhp	47,94	9
1hhp	26,5	9
1hhp	62,89	9
1hhp	31,96	9
1hhp	47,8	9
1hhp	22,90	9
1hhp	35,52	9
1hhp	40,93	9
1hhp	22,75	9
1hhp	23,68	9
1hhp	47,91	9
1hhp	34,92	9
1hhp	100,62	9
1hhp	4,86	9
1hhp	45,73	9
1hhp	26,3	9
1hhp	22,65	9
1hhp	55,99	9
1hhp	53,83	9
1hhp	55,97	9
1hhp	43,96	9
1hhp	13,71	9
1hhp	46,89	9
1hhp	36,97	9
1hhp	37,4	9
1hhp	37,5	9
1hhp	42,65	9
1hhp	37,52	9
1hhp	2,48	9
1hhp	35,92	9
1hhp	15,47	9
1hhp	13,40	9
1hhp	19,80	9
1hhp	40,71	9
1hhp	13,38	9
1hhp	46,91	9
1hhp	52,88	9
1hhp	51,88	9
1hhp	43,97	9
1hhp	42,86	9
1hhp	14,44	9
1hhp	34,52	9
1hhp	14,41	9
1hhp	42,8	9
1hhp	34,53	9
1hhp	14,83	9
1hhp	41,6	9
1hhp	13,94	9
1hhp	13,93	9
1hhp	2,39	9
1hhp	42,92	9
1hhp	46,99	9
1hhp	53,74	9
1hhp	20,46	9
1hhp	54,89	9
1hhp	23,84	9
1hhp	12,42	9
1hhp	55,85	9
1hhp	55,84	9
1hhp	16,47	9
1hhp	31,68	9
1hhp	21,56	9
1hhp	21,6	9
1hhp	28,63	9
1hhp	37,9	9
1hhp	4,43	9
1hhp	74,94	9
1hhp	27,41	9
1hhp	25,63	9
1hhp	15,80	9
1hhp	55,95	9
1hhp	53,87	9
1hhp	44,86	9
1hhp	63,9	9
1hhp	37,67	9
1hhp	44,6	9
1hhp	41,7	8
1hhp	39,91	8
1hhp	39,92	8
1hhp	47,66	8
1hhp	5,89	8
1hhp	47,65	8
1hhp	55,87	8
1hhp	4,44	8
1hhp	43,66	8
1hhp	41,67	8
1hhp	45,88	8
1hhp	47,9	8
1hhp	44,67	8
1hhp	54,83	8
1hhp	51,87	8
1hhp	62,91	8
1hhp	62,8	8
1hhp	42,98	8
1hhp	40,98	8
1hhp	48,64	8
1hhp	41,54	8
1hhp	4,81	8
1hhp	56,93	8
1hhp	4,82	8
1hhp	42,96	8
1hhp	42,66	8
1hhp	44,93	8
1hhp	43,9	8
1hhp	45,67	8
1hhp	54,84	8
1hhp	6,85	8
1hhp	29,45	8
1hhp	36,69	8
1hhp	63,7	8
1hhp	3,35	8
1hhp	29,46	8
1hhp	10,64	8
1hhp	28,47	8
1hhp	21,68	8
1hhp	15,32	8
1hhp	70,92	8
1hhp	14,86	8
1hhp	62,95	8
1hhp	62,94	8
1hhp	10,75	8
1hhp	22,41	8
1hhp	34,96	8
1hhp	22,42	8
1hhp	35,4	8
1hhp	1,24	8
1hhp	35,69	8
1hhp	36,5	8
1hhp	11,32	8
1hhp	65,87	8
1hhp	20,49	8
1hhp	3,47	8
1hhp	16,48	8
1hhp	16,44	8
1hhp	16,43	8
1hhp	3,88	8
1hhp	63,86	8
1hhp	3,56	8
1hhp	2,43	8
1hhp	74,95	8
1hhp	27,83	8
1hhp	30,91	8
1hhp	30,67	8
1hhp	11,73	8
1hhp	2,32	8
1hhp	11,45	8
1hhp	16,85	8
1hhp	30,84	8
1hhp	1,37	8
1hhp	2,87	8
1hhp	101,55	8
1hhp	10,32	8
1hhp	23,54	8
1hhp	23,92	8
1hhp	13,75	8
1hhp	23,51	8
1hhp	1,56	8
1hhp	23,52	8
1hhp	18,48	8
1hhp	14,66	8
1hhp	13,64	8
1hhp	12,80	8
1hhp	13,42	8
1hhp	23,96	8
1hhp	23,97	8
1hhp	17,81	8
1hhp	37,98	8
1hhp	13,32	8
1hhp	29,63	8
1hhp	38,8	8
1hhp	101,79	8
1hhp	38,95	8
1hhp	73,89	8
1hhp	12,37	8
1hhp	39,6	8
1hhp	29,43	8
1hhp	18,87	8
1hhp	38,97	8
1hhp	38,90	8
1hhp	101,86	8
1hhp	100,23	8
1hhp	79,97	8
1hhp	26,41	8
1hhp	23,3	8
1hhp	28,83	8
1hhp	14,30	8
1hhp	29,42	7
1hhp	28,42	7
1hhp	48,85	7
1hhp	28,43	7
1hhp	41,99	7
1hhp	18,41	7
1hhp	1,80	7
1hhp	39,8	7
1hhp	19,81	7
1hhp	48,75	7
1hhp	28,48	7
1hhp	19,63	7
1hhp	41,90	7
1hhp	18,85	7
1hhp	101,35	7
1hhp	41,95	7
1hhp	101,38	7
1hhp	2,36	7
1hhp	19,32	7
1hhp	32,9	7
1hhp	65,89	7
1hhp	44,9	7
1hhp	100,40	7
1hhp	81,9	7
1hhp	10,91	7
1hhp	100,37	7
1hhp	26,43	7
1hhp	23,46	7
1hhp	8,88	7
1hhp	80,9	7
1hhp	25,75	7
1hhp	2,41	7
1hhp	25,70	7
1hhp	24,6	7
1hhp	69,87	7
1hhp	44,8	7
1hhp	100,22	7
1hhp	25,56	7
1hhp	25,46	7
1hhp	44,72	7
1hhp	45,66	7
1hhp	45,72	7
1hhp	22,68	7
1hhp	26,63	7
1hhp	101,22	7
1hhp	27,81	7
1hhp	27,80	7
1hhp	46,92	7
1hhp	10,44	7
1hhp	2,80	7
1hhp	66,85	7
1hhp	27,56	7
1hhp	20,54	7
1hhp	46,65	7
1hhp	43,6	7
1hhp	27,42	7
1hhp	8,85	7
1hhp	45,9	7
1hhp	45,89	7
1hhp	100,47	7
1hhp	22,52	7
1hhp	20,67	7
1hhp	44,71	7
1hhp	15,83	7
1hhp	14,38	7
1hhp	36,7	7
1hhp	16,38	7
1hhp	11,82	7
1hhp	36,92	7
1hhp	74,93	7
1hhp	63,93	7
1hhp	74,91	7
1hhp	50,64	7
1hhp	16,62	7
1hhp	55,96	7
1hhp	54,72	7
1hhp	5,64	7
1hhp	5,63	7
1hhp	36,99	7
1hhp	17,38	7
1hhp	14,48	7
1hhp	11,90	7
1hhp	63,8	7
1hhp	12,32	7
1hhp	14,84	7
1hhp	15,45	7
1hhp	15,56	7
1hhp	75,9	7
1hhp	31,69	7
1hhp	53,82	7
1hhp	53,84	7
1hhp	4,64	7
1hhp	15,73	7
1hhp	18,35	7
1hhp	40,63	7
1hhp	36,53	7
1hhp	11,93	7
1hhp	11,92	7
1hhp	14,45	7
1hhp	40,92	7
1hhp	38,5	7
1hhp	12,41	7
1hhp	61,92	7
1hhp	12,74	7
1hhp	55,68	7
1hhp	38,66	7
1hhp	61,89	7
1hhp	41,66	7
1hhp	38,51	7
1hhp	41,64	7
1hhp	17,56	7
1hhp	64,81	7
1hhp	13,84	7
1hhp	38,4	7
1hhp	49,80	7
1hhp	41,60	7
1hhp	31,93	7
1hhp	37,95	7
1hhp	13,66	7
1hhp	13,72	7
1hhp	64,7	7
1hhp	4,41	7
1hhp	17,45	7
1hhp	100,38	6
1hhp	14,82	6
1hhp	14,90	6
1hhp	44,94	6
1hhp	55,70	6
1hhp	13,73	6
1hhp	22,54	6
1hhp	100,55	6
1hhp	12,71	6
1hhp	21,95	6
1hhp	21,94	6
1hhp	13,70	6
1hhp	55,89	6
1hhp	69,85	6
1hhp	13,37	6
1hhp	23,55	6
1hhp	53,85	6
1hhp	23,67	6
1hhp	23,73	6
1hhp	53,86	6
1hhp	45,69	6
1hhp	22,70	6
1hhp	100,41	6
1hhp	13,65	6
1hhp	23,98	6
1hhp	13,86	6
1hhp	44,70	6
1hhp	14,94	6
1hhp	45,93	6
1hhp	19,56	6
1hhp	19,47	6
1hhp	49,85	6
1hhp	101,41	6
1hhp	101,42	6
1hhp	19,38	6
1hhp	101,44	6
1hhp	19,35	6
1hhp	17,48	6
1hhp	56,9	6
1hhp	47,92	6
1hhp	71,85	6
1hhp	101,62	6
1hhp	49,81	6
1hhp	47,98	6
1hhp	101,63	6
1hhp	17,63	6
1hhp	71,92	6
1hhp	18,45	6
1hhp	18,43	6
1hhp	101,87	6
1hhp	61,90	6
1hhp	17,87	6
1hhp	5,56	6
1hhp	17,42	6
1hhp	17,39	6
1hhp	101,21	6
1hhp	15,35	6
1hhp	7,81	6
1hhp	21,49	6
1hhp	20,99	6
1hhp	46,69	6
1hhp	20,96	6
1hhp	56,7	6
1hhp	15,81	6
1hhp	15,91	6
1hhp	100,86	6
1hhp	70,85	6
1hhp	101,31	6
1hhp	2,64	6
1hhp	2,63	6
1hhp	2,56	6
1hhp	11,84	6
1hhp	50,88	6
1hhp	50,87	6
1hhp	2,37	6
1hhp	56,8	6
1hhp	101,23	6
1hhp	19,75	6
1hhp	48,87	6
1hhp	22,55	6
1hhp	30,49	6
1hhp	31,95	6
1hhp	67,87	6
1hhp	3,42	6
1hhp	10,38	6
1hhp	62,96	6
1hhp	26,56	6
1hhp	1,45	6
1hhp	10,48	6
1hhp	41,68	6
1hhp	4,83	6
1hhp	62,90	6
1hhp	4,63	6
1hhp	65,95	6
1hhp	64,8	6
1hhp	10,89	6
1hhp	89,9	6
1hhp	62,98	6
1hhp	31,71	6
1hhp	31,66	6
1hhp	30,95	6
1hhp	67,81	6
1hhp	1,32	6
1hhp	43,7	6
1hhp	1,47	6
1hhp	64,83	6
1hhp	41,70	6
1hhp	64,82	6
1hhp	10,47	6
1hhp	26,84	6
1hhp	26,90	6
1hhp	63,90	6
1hhp	1,42	6
1hhp	36,93	6
1hhp	41,86	6
1hhp	26,45	6
1hhp	42,67	6
1hhp	44,5	6
1hhp	6,86	6
1hhp	27,47	6
1hhp	37,99	6
1hhp	40,95	6
1hhp	38,67	6
1hhp	65,85	6
1hhp	36,96	6
1hhp	63,96	6
1hhp	28,80	6
1hhp	38,91	6
1hhp	28,75	6
1hhp	44,68	6
1hhp	42,63	6
1hhp	41,93	6
1hhp	30,65	6
1hhp	43,92	6
1hhp	28,44	6
1hhp	25,93	6
1hhp	43,95	6
1hhp	4,42	6
1hhp	41,9	6
1hhp	25,95	6
1hhp	1,23	6
1hhp	37,65	6
1hhp	1,89	6
1hhp	4,45	6
1hhp	63,99	6
1hhp	29,82	6
1hhp	72,93	5
1hhp	79,92	5
1hhp	29,95	5
1hhp	72,94	5
1hhp	11,24	5
1hhp	86,99	5
1hhp	49,64	5
1hhp	17,75	5
1hhp	101,45	5
1hhp	42,5	5
1hhp	41,98	5
1hhp	41,97	5
1hhp	47,97	5
1hhp	41,91	5
1hhp	101,74	5
1hhp	71,90	5
1hhp	79,96	5
1hhp	28,91	5
1hhp	18,38	5
1hhp	44,69	5
1hhp	17,43	5
1hhp	48,86	5
1hhp	48,89	5
1hhp	17,85	5
1hhp	41,69	5
1hhp	17,44	5
1hhp	44,7	5
1hhp	40,99	5
1hhp	3,32	5
1hhp	53,75	5
1hhp	1,21	5
1hhp	14,47	5
1hhp	54,67	5
1hhp	54,71	5
1hhp	13,90	5
1hhp	37,69	5
1hhp	13,83	5
1hhp	62,92	5
1hhp	62,93	5
1hhp	37,91	5
1hhp	37,93	5
1hhp	13,46	5
1hhp	13,45	5
1hhp	37,94	5
1hhp	37,96	5
1hhp	55,93	5
1hhp	55,69	5
1hhp	38,7	5
1hhp	12,97	5
1hhp	12,91	5
1hhp	38,99	5
1hhp	12,56	5
1hhp	53,73	5
1hhp	52,87	5
1hhp	15,38	5
1hhp	3,63	5
1hhp	40,97	5
1hhp	11,42	5
1hhp	73,93	5
1hhp	73,94	5
1hhp	16,89	5
1hhp	40,91	5
1hhp	5,80	5
1hhp	5,82	5
1hhp	11,46	5
1hhp	11,66	5
1hhp	3,64	5
1hhp	15,41	5
1hhp	3,80	5
1hhp	101,37	5
1hhp	16,32	5
1hhp	11,86	5
1hhp	40,70	5
1hhp	40,69	5
1hhp	11,95	5
1hhp	15,89	5
1hhp	15,85	5
1hhp	52,82	5
1hhp	28,56	5
1hhp	12,46	5
1hhp	10,85	5
1hhp	45,8	5
1hhp	68,87	5
1hhp	25,92	5
1hhp	21,52	5
1hhp	65,91	5
1hhp	62,84	5
1hhp	44,91	5
1hhp	22,46	5
1hhp	44,98	5
1hhp	44,99	5
1hhp	23,5	5
1hhp	46,97	5
1hhp	2,45	5
1hhp	21,5	5
1hhp	22,97	5
1hhp	80,94	5
1hhp	10,41	5
1hhp	10,86	5
1hhp	10,43	5
1hhp	45,65	5
1hhp	10,46	5
1hhp	7,85	5
1hhp	21,3	5
1hhp	101,12	5
1hhp	43,8	5
1hhp	20,98	5
1hhp	81,95	5
1hhp	81,94	5
1hhp	82,99	5
1hhp	25,80	5
1hhp	47,6	5
1hhp	25,72	5
1hhp	100,21	5
1hhp	44,73	5
1hhp	21,67	5
1hhp	100,25	5
1hhp	26,83	5
1hhp	1,87	5
1hhp	26,81	5
1hhp	26,75	5
1hhp	79,98	5
1hhp	19,84	5
1hhp	42,69	5
1hhp	25,67	5
1hhp	2,23	5
1hhp	67,89	4
1hhp	52,80	4
1hhp	81,96	4
1hhp	8,84	4
1hhp	22,50	4
1hhp	15,72	4
1hhp	52,75	4
1hhp	15,46	4
1hhp	26,6	4
1hhp	21,69	4
1hhp	15,37	4
1hhp	30,54	4
1hhp	62,97	4
1hhp	22,69	4
1hhp	31,52	4
1hhp	15,71	4
1hhp	15,82	4
1hhp	100,45	4
1hhp	10,80	4
1hhp	1,41	4
1hhp	40,65	4
1hhp	31,72	4
1hhp	51,89	4
1hhp	51,83	4
1hhp	21,96	4
1hhp	15,65	4
1hhp	21,97	4
1hhp	15,66	4
1hhp	51,80	4
1hhp	22,3	4
1hhp	14,95	4
1hhp	84,99	4
1hhp	1,26	4
1hhp	12,98	4
1hhp	13,31	4
1hhp	55,94	4
1hhp	100,20	4
1hhp	25,68	4
1hhp	13,29	4
1hhp	55,92	4
1hhp	55,72	4
1hhp	13,26	4
1hhp	25,55	4
1hhp	54,86	4
1hhp	12,94	4
1hhp	25,50	4
1hhp	12,83	4
1hhp	38,9	4
1hhp	25,52	4
1hhp	12,69	4
1hhp	55,90	4
1hhp	12,49	4
1hhp	100,12	4
1hhp	37,92	4
1hhp	45,70	4
1hhp	53,89	4
1hhp	31,97	4
1hhp	32,7	4
1hhp	12,31	4
1hhp	4,84	4
1hhp	45,68	4
1hhp	6,89	4
1hhp	4,75	4
1hhp	14,70	4
1hhp	14,65	4
1hhp	25,96	4
1hhp	30,53	4
1hhp	4,62	4
1hhp	14,46	4
1hhp	26,47	4
1hhp	45,6	4
1hhp	4,55	4
1hhp	37,70	4
1hhp	43,90	4
1hhp	8,82	4
1hhp	3,85	4
1hhp	30,50	4
1hhp	18,65	4
1hhp	48,72	4
1hhp	101,80	4
1hhp	28,45	4
1hhp	71,95	4
1hhp	18,42	4
1hhp	18,39	4
1hhp	2,42	4
1hhp	46,98	4
1hhp	79,94	4
1hhp	64,89	4
1hhp	1,64	4
1hhp	27,84	4
1hhp	2,47	4
1hhp	27,74	4
1hhp	10,45	4
1hhp	42,90	4
1hhp	7,92	4
1hhp	49,74	4
1hhp	8,80	4
1hhp	7,89	4
1hhp	101,88	4
1hhp	48,71	4
1hhp	28,90	4
1hhp	83,9	4
1hhp	71,91	4
1hhp	65,81	4
1hhp	19,42	4
1hhp	65,83	4
1hhp	1,85	4
1hhp	28,65	4
1hhp	19,37	4
1hhp	65,80	4
1hhp	70,94	4
1hhp	70,93	4
1hhp	42,7	4
1hhp	41,96	4
1hhp	28,81	4
1hhp	19,86	4
1hhp	62,86	4
1hhp	71,87	4
1hhp	42,70	4
1hhp	101,25	4
1hhp	18,75	4
1hhp	18,74	4
1hhp	2,22	4
1hhp	85,9	4
1hhp	2,85	4
1hhp	7,91	4
1hhp	5,75	4
1hhp	73,95	4
1hhp	11,31	4
1hhp	40,96	4
1hhp	1,43	4
1hhp	46,5	4
1hhp	43,5	4
1hhp	29,84	4
1hhp	27,43	4
1hhp	3,38	4
1hhp	27,5	4
1hhp	21,51	4
1hhp	16,74	4
1hhp	40,90	4
1hhp	5,83	4
1hhp	5,84	4
1hhp	21,53	4
1hhp	21,54	4
1hhp	20,97	4
1hhp	73,91	4
1hhp	79,99	4
1hhp	42,97	4
1hhp	29,91	4
1hhp	16,42	4
1hhp	20,50	4
1hhp	19,48	4
1hhp	17,47	4
1hhp	100,84	4
1hhp	45,98	4
1hhp	16,80	4
1hhp	50,75	4
1hhp	10,56	4
1hhp	74,92	4
1hhp	41,5	4
1hhp	3,75	4
1hhp	12,26	3
1hhp	81,97	3
1hhp	55,91	3
1hhp	12,25	3
1hhp	101,54	3
1hhp	10,74	3
1hhp	55,9	3
1hhp	11,68	3
1hhp	81,98	3
1hhp	100,85	3
1hhp	1,22	3
1hhp	12,29	3
1hhp	9,92	3
1hhp	6,82	3
1hhp	100,44	3
1hhp	12,30	3
1hhp	101,20	3
1hhp	11,25	3
1hhp	79,93	3
1hhp	10,92	3
1hhp	100,79	3
1hhp	100,80	3
1hhp	10,93	3
1hhp	86,9	3
1hhp	80,96	3
1hhp	1,81	3
1hhp	1,83	3
1hhp	82,96	3
1hhp	79,95	3
1hhp	39,7	3
1hhp	12,52	3
1hhp	25,53	3
1hhp	66,89	3
1hhp	26,95	3
1hhp	26,74	3
1hhp	26,72	3
1hhp	67,91	3
1hhp	67,92	3
1hhp	67,94	3
1hhp	26,46	3
1hhp	68,85	3
1hhp	25,97	3
1hhp	25,73	3
1hhp	25,7	3
1hhp	25,69	3
1hhp	44,65	3
1hhp	69,83	3
1hhp	27,46	3
1hhp	44,96	3
1hhp	44,97	3
1hhp	69,93	3
1hhp	69,94	3
1hhp	12,55	3
1hhp	7,75	3
1hhp	45,71	3
1hhp	22,49	3
1hhp	21,98	3
1hhp	21,93	3
1hhp	7,80	3
1hhp	45,94	3
1hhp	45,95	3
1hhp	20,69	3
1hhp	27,45	3
1hhp	66,87	3
1hhp	20,51	3
1hhp	64,84	3
1hhp	37,97	3
1hhp	37,54	3
1hhp	35,6	3
1hhp	4,80	3
1hhp	35,51	3
1hhp	31,92	3
1hhp	30,93	3
1hhp	40,66	3
1hhp	30,72	3
1hhp	30,66	3
1hhp	3,46	3
1hhp	41,63	3
1hhp	41,65	3
1hhp	29,66	3
1hhp	29,53	3
1hhp	27,66	3
1hhp	64,91	3
1hhp	64,98	3
1hhp	28,84	3
1hhp	28,64	3
1hhp	65,82	3
1hhp	65,84	3
1hhp	28,41	3
1hhp	28,4	3
1hhp	27,90	3
1hhp	27,75	3
1hhp	66,80	3
1hhp	42,9	3
1hhp	42,91	3
1hhp	66,82	3
1hhp	7,86	3
1hhp	7,74	3
1hhp	2,89	3
1hhp	17,36	3
1hhp	50,89	3
1hhp	16,41	3
1hhp	16,81	3
1hhp	16,83	3
1hhp	73,96	3
1hhp	73,92	3
1hhp	17,37	3
1hhp	74,96	3
1hhp	49,89	3
1hhp	49,87	3
1hhp	2,86	3
1hhp	49,83	3
1hhp	73,86	3
1hhp	72,92	3
1hhp	16,31	3
1hhp	15,92	3
1hhp	72,86	3
1hhp	14,56	3
1hhp	12,66	3
1hhp	13,28	3
1hhp	54,97	3
1hhp	54,96	3
1hhp	54,91	3
1hhp	54,68	3
1hhp	14,71	3
1hhp	51,75	3
1hhp	53,81	3
1hhp	14,93	3
1hhp	52,89	3
1hhp	15,70	3
1hhp	15,84	3
1hhp	15,90	3
1hhp	72,9	3
1hhp	19,91	3
1hhp	18,37	3
1hhp	48,65	3
1hhp	47,90	3
1hhp	71,84	3
1hhp	19,39	3
1hhp	19,41	3
1hhp	18,89	3
1hhp	19,45	3
1hhp	18,82	3
1hhp	18,80	3
1hhp	19,74	3
1hhp	19,83	3
1hhp	18,73	3
1hhp	19,36	3
1hhp	18,56	3
1hhp	2,81	3
1hhp	2,26	3
1hhp	2,21	3
1hhp	70,83	3
1hhp	64,86	2
1hhp	64,93	2
1hhp	7,82	2
1hhp	85,99	2
1hhp	64,92	2
1hhp	74,99	2
1hhp	6,91	2
1hhp	69,91	2
1hhp	70,84	2
1hhp	70,86	2
1hhp	9,93	2
1hhp	70,97	2
1hhp	64,95	2
1hhp	70,95	2
1hhp	8,81	2
1hhp	73,99	2
1hhp	70,98	2
1hhp	67,85	2
1hhp	67,82	2
1hhp	71,94	2
1hhp	72,91	2
1hhp	66,9	2
1hhp	68,81	2
1hhp	68,82	2
1hhp	81,99	2
1hhp	82,9	2
1hhp	68,83	2
1hhp	73,90	2
1hhp	66,84	2
1hhp	80,99	2
1hhp	80,97	2
1hhp	66,81	2
1hhp	66,8	2
1hhp	68,93	2
1hhp	73,97	2
1hhp	83,96	2
1hhp	83,99	2
1hhp	84,97	2
1hhp	73,98	2
1hhp	82,97	2
1hhp	1,14	2
1hhp	22,98	2
1hhp	20,52	2
1hhp	25,65	2
1hhp	25,51	2
1hhp	23,69	2
1hhp	22,99	2
1hhp	6,83	2
1hhp	22,96	2
1hhp	22,73	2
1hhp	22,67	2
1hhp	21,55	2
1hhp	21,50	2
1hhp	2,83	2
1hhp	30,5	2
1hhp	2,75	2
1hhp	2,74	2
1hhp	2,66	2
1hhp	2,46	2
1hhp	19,82	2
1hhp	19,68	2
1hhp	19,66	2
1hhp	19,46	2
1hhp	18,90	2
1hhp	18,84	2
1hhp	25,9	2
1hhp	26,54	2
1hhp	26,55	2
1hhp	26,9	2
1hhp	3,89	2
1hhp	3,86	2
1hhp	3,83	2
1hhp	3,81	2
1hhp	3,72	2
1hhp	3,55	2
1hhp	29,92	2
1hhp	29,90	2
1hhp	29,67	2
1hhp	29,65	2
1hhp	29,6	2
1hhp	29,56	2
1hhp	29,55	2
1hhp	29,5	2
1hhp	29,49	2
1hhp	29,4	2
1hhp	28,98	2
1hhp	28,92	2
1hhp	27,72	2
1hhp	27,55	2
1hhp	27,4	2
1hhp	18,71	2
1hhp	18,70	2
1hhp	18,66	2
1hhp	12,84	2
1hhp	12,73	2
1hhp	12,54	2
1hhp	11,98	2
1hhp	11,65	2
1hhp	11,54	2
1hhp	11,26	2
1hhp	101,82	2
1hhp	101,81	2
1hhp	100,82	2
1hhp	10,90	2
1hhp	10,82	2
1hhp	10,73	2
1hhp	10,72	2
1hhp	10,71	2
1hhp	10,55	2
1hhp	1,74	2
1hhp	1,66	2
1hhp	1,65	2
1hhp	1,55	2
1hhp	1,49	2
1hhp	1,46	2
1hhp	12,82	2
1hhp	12,86	2
1hhp	17,89	2
1hhp	12,92	2
1hhp	17,86	2
1hhp	17,46	2
1hhp	17,35	2
1hhp	16,75	2
1hhp	16,64	2
1hhp	16,56	2
1hhp	16,45	2
1hhp	16,35	2
1hhp	15,94	2
1hhp	15,93	2
1hhp	15,86	2
1hhp	15,64	2
1hhp	15,28	2
1hhp	14,27	2
1hhp	13,95	2
1hhp	13,69	2
1hhp	13,67	2
1hhp	13,56	2
1hhp	13,55	2
1hhp	13,27	2
1hhp	12,95	2
1hhp	30,4	2
1hhp	9,94	2
1hhp	51,74	2
1hhp	48,94	2
1hhp	31,98	2
1hhp	45,92	2
1hhp	31,99	2
1hhp	37,90	2
1hhp	4,46	2
1hhp	51,64	2
1hhp	52,83	2
1hhp	52,85	2
1hhp	50,83	2
1hhp	48,93	2
1hhp	52,81	2
1hhp	45,99	2
1hhp	4,91	2
1hhp	5,91	2
1hhp	46,6	2
1hhp	50,72	2
1hhp	46,7	2
1hhp	46,8	2
1hhp	48,68	2
1hhp	50,81	2
1hhp	31,90	2
1hhp	45,96	2
1hhp	31,70	2
1hhp	42,6	2
1hhp	44,90	2
1hhp	30,7	2
1hhp	6,81	2
1hhp	45,7	2
1hhp	51,82	2
1hhp	6,72	2
1hhp	55,7	2
1hhp	51,85	2
1hhp	54,94	2
1hhp	54,93	2
1hhp	49,75	2
1hhp	45,90	2
1hhp	30,98	2
1hhp	30,68	2
1hhp	49,82	2
1hhp	51,73	1
1hhp	14,31	1
1hhp	14,49	1
1hhp	14,42	1
1hhp	13,49	1
1hhp	14,68	1
1hhp	14,28	1
1hhp	14,29	1
1hhp	13,54	1
1hhp	50,82	1
1hhp	13,51	1
1hhp	51,65	1
1hhp	13,99	1
1hhp	13,98	1
1hhp	51,72	1
1hhp	13,96	1
1hhp	14,55	1
1hhp	30,6	1
1hhp	14,98	1
1hhp	5,54	1
1hhp	16,72	1
1hhp	5,66	1
1hhp	16,84	1
1hhp	16,86	1
1hhp	16,94	1
1hhp	17,31	1
1hhp	17,41	1
1hhp	16,70	1
1hhp	49,9	1
1hhp	17,55	1
1hhp	17,65	1
1hhp	17,66	1
1hhp	17,70	1
1hhp	72,98	1
1hhp	16,71	1
1hhp	16,66	1
1hhp	15,29	1
1hhp	74,97	1
1hhp	15,50	1
1hhp	15,55	1
1hhp	50,74	1
1hhp	50,65	1
1hhp	75,8	1
1hhp	13,30	1
1hhp	15,95	1
1hhp	5,72	1
1hhp	16,36	1
1hhp	5,81	1
1hhp	16,46	1
1hhp	5,74	1
1hhp	74,90	1
1hhp	74,9	1
1hhp	5,92	1
1hhp	52,74	1
1hhp	12,96	1
1hhp	10,84	1
1hhp	10,70	1
1hhp	54,92	1
1hhp	54,90	1
1hhp	54,6	1
1hhp	53,95	1
1hhp	10,83	1
1hhp	53,94	1
1hhp	10,68	1
1hhp	10,94	1
1hhp	80,98	1
1hhp	10,95	1
1hhp	10,97	1
1hhp	80,95	1
1hhp	100,11	1
1hhp	82,95	1
1hhp	10,66	1
1hhp	100,26	1
1hhp	1,84	1
1hhp	1,31	1
1hhp	6,75	1
1hhp	1,54	1
1hhp	6,73	1
1hhp	1,72	1
1hhp	85,98	1
1hhp	1,86	1
1hhp	82,98	1
1hhp	84,98	1
1hhp	10,23	1
1hhp	84,9	1
1hhp	10,28	1
1hhp	10,31	1
1hhp	10,49	1
1hhp	80,93	1
1hhp	8,93	1
1hhp	51,81	1
1hhp	12,27	1
1hhp	11,29	1
1hhp	11,30	1
1hhp	11,50	1
1hhp	53,69	1
1hhp	11,55	1
1hhp	11,99	1
1hhp	12,28	1
1hhp	53,71	1
1hhp	12,51	1
1hhp	12,67	1
1hhp	72,95	1
1hhp	52,66	1
1hhp	52,65	1
1hhp	12,90	1
1hhp	11,27	1
1hhp	101,85	1
1hhp	8,91	1
1hhp	100,72	1
1hhp	100,29	1
1hhp	100,54	1
1hhp	8,86	1
1hhp	100,64	1
1hhp	100,65	1
1hhp	8,83	1
1hhp	100,73	1
1hhp	101,84	1
1hhp	100,74	1
1hhp	53,92	1
1hhp	101,26	1
1hhp	101,73	1
1hhp	53,91	1
1hhp	53,72	1
1hhp	72,97	1
1hhp	18,55	1
1hhp	17,72	1
1hhp	27,95	1
1hhp	65,96	1
1hhp	27,93	1
1hhp	65,93	1
1hhp	65,92	1
1hhp	27,94	1
1hhp	65,9	1
1hhp	27,99	1
1hhp	66,7	1
1hhp	28,46	1
1hhp	65,86	1
1hhp	28,49	1
1hhp	28,5	1
1hhp	28,50	1
1hhp	28,54	1
1hhp	65,99	1
1hhp	27,9	1
1hhp	26,7	1
1hhp	26,99	1
1hhp	67,83	1
1hhp	26,70	1
1hhp	26,73	1
1hhp	4,94	1
1hhp	66,95	1
1hhp	26,94	1
1hhp	4,92	1
1hhp	4,72	1
1hhp	27,6	1
1hhp	27,65	1
1hhp	66,83	1
1hhp	27,68	1
1hhp	27,7	1
1hhp	27,70	1
1hhp	28,55	1
1hhp	28,66	1
1hhp	28,7	1
1hhp	3,66	1
1hhp	29,93	1
1hhp	29,94	1
1hhp	3,30	1
1hhp	3,31	1
1hhp	3,54	1
1hhp	30,94	1
1hhp	30,90	1
1hhp	28,74	1
1hhp	3,74	1
1hhp	30,71	1
1hhp	3,82	1
1hhp	30,70	1
1hhp	3,84	1
1hhp	30,69	1
1hhp	31,5	1
1hhp	29,73	1
1hhp	29,72	1
1hhp	29,70	1
1hhp	29,68	1
1hhp	31,8	1
1hhp	31,9	1
1hhp	29,54	1
1hhp	29,52	1
1hhp	4,49	1
1hhp	28,95	1
1hhp	28,94	1
1hhp	64,94	1
1hhp	28,93	1
1hhp	64,96	1
1hhp	4,70	1
1hhp	65,7	1
1hhp	67,84	1
1hhp	67,86	1
1hhp	17,73	1
1hhp	19,73	1
1hhp	71,8	1
1hhp	18,94	1
1hhp	70,96	1
1hhp	19,54	1
1hhp	48,92	1
1hhp	19,72	1
1hhp	70,90	1
1hhp	48,96	1
1hhp	48,91	1
1hhp	19,90	1
1hhp	2,31	1
1hhp	48,84	1
1hhp	48,73	1
1hhp	2,73	1
1hhp	18,91	1
1hhp	71,86	1
1hhp	26,69	1
1hhp	18,36	1
1hhp	17,74	1
1hhp	17,82	1
1hhp	17,83	1
1hhp	49,86	1
1hhp	49,84	1
1hhp	17,91	1
1hhp	18,47	1
1hhp	49,66	1
1hhp	72,8	1
1hhp	18,5	1
1hhp	18,68	1
1hhp	49,72	1
1hhp	18,72	1
1hhp	18,81	1
1hhp	48,70	1
1hhp	7,94	1
1hhp	7,93	1
1hhp	25,99	1
1hhp	24,9	1
1hhp	69,84	1
1hhp	45,5	1
1hhp	68,89	1
1hhp	25,71	1
1hhp	25,98	1
1hhp	26,49	1
1hhp	2,82	1
1hhp	26,50	1
1hhp	68,7	1
1hhp	26,52	1
1hhp	41,92	1
1hhp	26,65	1
1hhp	26,66	1
1hhp	24,7	1
1hhp	23,9	1
1hhp	45,91	1
1hhp	69,97	1
1hhp	69,99	1
1hhp	7,73	1
1hhp	45,97	1
1hhp	22,7	1
1hhp	22,53	1
1hhp	22,51	1
1hhp	21,99	1
1hhp	21,8	1
1hhp	7,83	1
1hhp	21,4	1
1hhp	20,5	1
1hhp	20,4	1
1hhp	46,9	1
1hhp	6,84	1
